Name: ./data/traffic_lidar_data_2traffic_run5.csv
Date: 17/2/2021
Time: 16:7:46
External Vehicles: 3
Reach set total lines: 30
Reach set steering angle: 60
Reach set max distance: 30
------------------------------
Vector: [0.144, 0.151, 23.676, 25.325, 27.388, 2.63, 2.556, 2.831, 3.426, 2.184, 2.125, 2.08, 2.25, 3.42, 5.351, 5.895, 30.0, 30.0, 30.0, 30.0, 0.164, 0.141, 0.123, 0.11, 0.1, 0.092, 0.086, 0.081, 0.077, 0.073]
Crash: [0.]

Vector: [0.144, 0.151, 23.68, 25.342, 27.424, 2.627, 2.561, 2.836, 3.432, 2.181, 2.122, 2.077, 2.238, 3.42, 5.345, 5.893, 30.0, 30.0, 30.0, 30.0, 0.163, 0.14, 0.123, 0.11, 0.1, 0.092, 0.086, 0.08, 0.076, 0.073]
Crash: [0.]

Vector: [0.144, 0.151, 23.687, 25.364, 27.452, 2.857, 2.704, 2.878, 3.453, 3.808, 2.317, 2.268, 2.306, 3.094, 5.505, 30.0, 30.0, 30.0, 30.0, 30.0, 0.164, 0.14, 0.123, 0.11, 0.1, 0.092, 0.086, 0.081, 0.077, 0.073]
Crash: [0.]

Vector: [0.143, 0.15, 23.688, 25.349, 27.435, 2.846, 2.694, 2.878, 3.45, 3.805, 2.311, 2.262, 2.299, 3.084, 5.508, 30.0, 30.0, 30.0, 30.0, 30.0, 30.0, 0.141, 0.124, 0.111, 0.101, 0.093, 0.086, 0.081, 0.077, 0.074]
Crash: [0.]

Vector: [0.144, 0.15, 23.678, 25.353, 27.44, 2.777, 2.629, 2.891, 3.453, 3.781, 2.273, 2.225, 2.267, 3.08, 5.485, 6.039, 30.0, 30.0, 30.0, 30.0, 0.165, 0.141, 0.124, 0.111, 0.101, 0.093, 0.086, 0.081, 0.077, 0.074]
Crash: [0.]

Vector: [0.143, 0.15, 23.68, 25.346, 27.432, 2.781, 2.632, 2.89, 3.451, 3.786, 2.276, 2.228, 2.267, 3.073, 5.492, 30.0, 30.0, 30.0, 30.0, 30.0, 30.0, 30.0, 30.0, 30.0, 30.0, 30.0, 30.0, 30.0, 30.0, 30.0]
Crash: [0.]

Vector: [0.143, 0.15, 23.687, 25.354, 27.442, 2.779, 2.63, 2.892, 3.453, 3.785, 2.275, 2.227, 2.266, 3.082, 5.491, 30.0, 30.0, 30.0, 30.0, 30.0, 30.0, 0.142, 0.124, 0.111, 0.101, 0.093, 0.087, 0.082, 0.077, 0.074]
Crash: [0.]

Vector: [21.112, 22.193, 23.689, 25.347, 27.433, 30.0, 30.0, 30.0, 30.0, 30.0, 30.0, 30.0, 30.0, 30.0, 30.0, 30.0, 30.0, 30.0, 30.0, 30.0, 30.0, 30.0, 30.0, 30.0, 30.0, 30.0, 30.0, 30.0, 30.0, 30.0]
Crash: [0.]

Vector: [0.143, 0.149, 23.684, 25.351, 27.438, 2.78, 2.631, 2.89, 3.45, 3.785, 2.276, 2.227, 2.262, 3.082, 5.491, 6.056, 30.0, 30.0, 30.0, 30.0, 30.0, 30.0, 30.0, 30.0, 30.0, 30.0, 30.0, 30.0, 30.0, 30.0]
Crash: [0.]

Vector: [0.143, 0.15, 23.686, 25.349, 27.435, 2.781, 2.633, 2.889, 3.45, 3.785, 2.277, 2.229, 2.267, 3.074, 5.491, 30.0, 30.0, 30.0, 30.0, 30.0, 30.0, 0.142, 0.125, 0.112, 0.102, 0.094, 0.087, 0.082, 0.078, 0.074]
Crash: [0.]

Vector: [0.143, 0.15, 23.689, 25.359, 27.448, 2.781, 2.632, 2.891, 3.451, 3.784, 2.275, 2.227, 2.258, 3.098, 5.491, 6.053, 30.0, 30.0, 30.0, 30.0, 30.0, 30.0, 30.0, 30.0, 30.0, 30.0, 30.0, 30.0, 30.0, 30.0]
Crash: [0.]

Vector: [0.143, 0.15, 23.683, 25.346, 27.431, 2.781, 2.632, 2.886, 3.446, 3.785, 2.277, 2.229, 2.262, 3.068, 5.491, 30.0, 30.0, 30.0, 30.0, 30.0, 30.0, 0.142, 0.124, 0.111, 0.101, 0.093, 0.087, 0.082, 0.077, 0.074]
Crash: [0.]

Vector: [0.143, 0.149, 23.686, 25.35, 27.437, 2.78, 2.632, 2.887, 3.447, 3.785, 2.277, 2.229, 2.263, 3.075, 5.491, 30.0, 30.0, 30.0, 30.0, 30.0, 30.0, 30.0, 30.0, 30.0, 30.0, 30.0, 30.0, 30.0, 30.0, 30.0]
Crash: [0.]

Vector: [0.143, 0.149, 23.686, 25.35, 27.437, 2.781, 2.632, 2.887, 3.447, 3.785, 2.278, 2.229, 2.264, 3.072, 5.491, 30.0, 30.0, 30.0, 30.0, 30.0, 30.0, 0.143, 0.125, 0.112, 0.102, 0.094, 0.087, 0.082, 0.078, 0.075]
Crash: [0.]

Vector: [0.142, 0.149, 23.685, 25.346, 27.432, 2.782, 2.633, 2.887, 3.446, 3.785, 2.277, 2.229, 2.264, 3.074, 5.491, 30.0, 30.0, 30.0, 30.0, 30.0, 30.0, 30.0, 30.0, 30.0, 30.0, 30.0, 30.0, 30.0, 30.0, 30.0]
Crash: [0.]

Vector: [0.143, 0.15, 23.685, 25.352, 27.439, 2.783, 2.634, 2.886, 3.446, 3.785, 2.278, 2.23, 2.259, 3.081, 5.491, 30.0, 30.0, 30.0, 30.0, 30.0, 30.0, 0.142, 0.125, 0.111, 0.101, 0.093, 0.087, 0.082, 0.078, 0.074]
Crash: [0.]

Vector: [21.109, 22.189, 23.687, 25.338, 27.423, 30.0, 30.0, 30.0, 30.0, 30.0, 30.0, 30.0, 30.0, 30.0, 30.0, 30.0, 30.0, 30.0, 30.0, 30.0, 30.0, 30.0, 30.0, 30.0, 30.0, 30.0, 30.0, 30.0, 30.0, 30.0]
Crash: [0.]

Vector: [0.143, 0.15, 23.685, 25.343, 27.429, 2.786, 2.637, 2.884, 3.443, 3.785, 2.281, 2.232, 2.265, 3.073, 5.491, 30.0, 30.0, 30.0, 30.0, 30.0, 30.0, 0.142, 0.125, 0.112, 0.101, 0.093, 0.087, 0.082, 0.078, 0.074]
Crash: [0.]

Vector: [0.144, 0.15, 23.679, 25.355, 27.442, 2.782, 2.633, 2.885, 3.446, 3.785, 2.278, 2.229, 2.255, 3.083, 5.489, 6.055, 30.0, 30.0, 30.0, 30.0, 0.165, 0.141, 0.123, 0.11, 0.1, 0.093, 0.086, 0.081, 0.077, 0.073]
Crash: [0.]

Vector: [21.113, 22.194, 23.69, 25.347, 27.433, 30.0, 30.0, 30.0, 30.0, 30.0, 30.0, 30.0, 30.0, 30.0, 30.0, 30.0, 30.0, 30.0, 30.0, 30.0, 30.0, 30.0, 30.0, 30.0, 30.0, 30.0, 30.0, 30.0, 30.0, 30.0]
Crash: [0.]

Vector: [0.143, 0.149, 23.691, 25.354, 27.442, 2.782, 2.633, 2.887, 3.447, 3.784, 2.278, 2.23, 2.262, 3.084, 5.491, 30.0, 30.0, 30.0, 30.0, 30.0, 30.0, 30.0, 30.0, 30.0, 30.0, 30.0, 30.0, 30.0, 30.0, 30.0]
Crash: [0.]

Vector: [0.143, 0.15, 23.687, 25.347, 27.433, 2.785, 2.636, 2.885, 3.444, 3.784, 2.279, 2.231, 2.263, 3.077, 5.491, 30.0, 30.0, 30.0, 30.0, 30.0, 30.0, 0.142, 0.124, 0.111, 0.101, 0.093, 0.087, 0.082, 0.077, 0.074]
Crash: [0.]

Vector: [0.143, 0.149, 23.685, 25.348, 27.434, 2.784, 2.636, 2.885, 3.444, 3.785, 2.28, 2.232, 2.266, 3.07, 5.49, 30.0, 30.0, 30.0, 30.0, 30.0, 30.0, 30.0, 30.0, 30.0, 30.0, 30.0, 30.0, 30.0, 30.0, 30.0]
Crash: [0.]

Vector: [21.11, 22.19, 23.685, 25.342, 27.427, 30.0, 30.0, 30.0, 30.0, 30.0, 30.0, 30.0, 30.0, 30.0, 30.0, 30.0, 30.0, 30.0, 30.0, 30.0, 30.0, 30.0, 30.0, 30.0, 30.0, 30.0, 30.0, 30.0, 30.0, 30.0]
Crash: [0.]

Vector: [0.143, 0.15, 23.688, 25.345, 27.431, 2.783, 2.634, 2.886, 3.446, 3.785, 2.279, 2.231, 2.269, 3.066, 5.491, 30.0, 30.0, 30.0, 30.0, 30.0, 30.0, 0.143, 0.125, 0.112, 0.102, 0.094, 0.087, 0.082, 0.078, 0.074]
Crash: [0.]

Vector: [21.112, 22.193, 23.69, 25.346, 27.432, 30.0, 30.0, 30.0, 30.0, 30.0, 30.0, 30.0, 30.0, 30.0, 30.0, 30.0, 30.0, 30.0, 30.0, 30.0, 30.0, 30.0, 30.0, 30.0, 30.0, 30.0, 30.0, 30.0, 30.0, 30.0]
Crash: [0.]

Vector: [0.143, 0.149, 23.688, 25.35, 27.437, 2.784, 2.635, 2.887, 3.447, 3.785, 2.28, 2.232, 2.269, 3.073, 5.491, 30.0, 30.0, 30.0, 30.0, 30.0, 30.0, 0.142, 0.125, 0.112, 0.102, 0.094, 0.087, 0.082, 0.078, 0.074]
Crash: [0.]

Vector: [0.143, 0.149, 23.687, 25.35, 27.437, 2.786, 2.637, 2.886, 3.445, 3.784, 2.28, 2.232, 2.267, 3.084, 5.49, 6.051, 30.0, 30.0, 30.0, 30.0, 30.0, 30.0, 30.0, 30.0, 30.0, 30.0, 30.0, 30.0, 30.0, 30.0]
Crash: [0.]

Vector: [0.143, 0.15, 23.68, 25.349, 27.434, 2.785, 2.636, 2.886, 3.445, 3.785, 2.279, 2.23, 2.257, 3.084, 5.492, 6.056, 30.0, 30.0, 30.0, 30.0, 30.0, 0.141, 0.123, 0.11, 0.1, 0.092, 0.086, 0.081, 0.077, 0.073]
Crash: [0.]

Vector: [21.108, 22.188, 23.676, 25.347, 27.433, 30.0, 30.0, 30.0, 30.0, 30.0, 30.0, 30.0, 30.0, 30.0, 30.0, 30.0, 30.0, 30.0, 30.0, 30.0, 30.0, 30.0, 30.0, 30.0, 30.0, 30.0, 30.0, 30.0, 30.0, 30.0]
Crash: [0.]

Vector: [0.143, 0.149, 23.679, 25.347, 27.432, 2.785, 2.636, 2.885, 3.443, 3.785, 2.28, 2.232, 2.267, 3.073, 5.491, 30.0, 30.0, 30.0, 30.0, 30.0, 30.0, 30.0, 30.0, 30.0, 30.0, 30.0, 30.0, 30.0, 30.0, 30.0]
Crash: [0.]

Vector: [0.143, 0.15, 23.68, 25.353, 27.44, 2.78, 2.631, 2.886, 3.446, 3.785, 2.277, 2.228, 2.257, 3.075, 5.491, 30.0, 30.0, 30.0, 30.0, 30.0, 30.0, 0.141, 0.124, 0.111, 0.101, 0.093, 0.087, 0.081, 0.077, 0.074]
Crash: [0.]

Vector: [0.144, 0.15, 23.68, 25.357, 27.444, 2.784, 2.635, 2.886, 3.445, 3.784, 2.279, 2.231, 2.26, 3.083, 5.49, 6.053, 30.0, 30.0, 30.0, 30.0, 0.164, 0.14, 0.123, 0.11, 0.1, 0.092, 0.086, 0.081, 0.077, 0.073]
Crash: [0.]

Vector: [21.107, 22.187, 23.676, 25.347, 27.432, 30.0, 30.0, 30.0, 30.0, 30.0, 30.0, 30.0, 30.0, 30.0, 30.0, 30.0, 30.0, 30.0, 30.0, 30.0, 30.0, 30.0, 30.0, 30.0, 30.0, 30.0, 30.0, 30.0, 30.0, 30.0]
Crash: [0.]

Vector: [0.144, 0.15, 23.682, 25.358, 27.445, 2.781, 2.632, 2.887, 3.448, 3.785, 2.278, 2.23, 2.262, 3.074, 5.489, 30.0, 30.0, 30.0, 30.0, 30.0, 0.165, 0.141, 0.123, 0.11, 0.1, 0.093, 0.086, 0.081, 0.077, 0.073]
Crash: [0.]

Vector: [0.144, 0.15, 23.681, 25.357, 27.444, 2.783, 2.634, 2.887, 3.447, 3.785, 2.278, 2.23, 2.26, 3.086, 5.491, 6.053, 30.0, 30.0, 30.0, 30.0, 0.164, 0.141, 0.123, 0.11, 0.1, 0.093, 0.086, 0.081, 0.077, 0.073]
Crash: [0.]

Vector: [0.143, 0.15, 23.681, 25.357, 27.444, 2.78, 2.632, 2.886, 3.446, 3.784, 2.277, 2.229, 2.258, 3.082, 5.491, 6.055, 30.0, 30.0, 30.0, 30.0, 30.0, 30.0, 30.0, 30.0, 30.0, 30.0, 30.0, 30.0, 30.0, 30.0]
Crash: [0.]

Vector: [0.143, 0.15, 23.683, 25.351, 27.437, 2.782, 2.634, 2.885, 3.445, 3.785, 2.279, 2.23, 2.264, 3.071, 5.491, 30.0, 30.0, 30.0, 30.0, 30.0, 30.0, 30.0, 30.0, 30.0, 30.0, 30.0, 30.0, 30.0, 30.0, 30.0]
Crash: [0.]

Vector: [0.143, 0.15, 23.686, 25.349, 27.435, 2.783, 2.634, 2.886, 3.446, 3.785, 2.278, 2.23, 2.261, 3.08, 5.491, 30.0, 30.0, 30.0, 30.0, 30.0, 30.0, 0.142, 0.125, 0.111, 0.101, 0.093, 0.087, 0.082, 0.078, 0.074]
Crash: [0.]

Vector: [0.143, 0.15, 23.681, 25.347, 27.433, 2.782, 2.633, 2.887, 3.446, 3.785, 2.277, 2.229, 2.261, 3.077, 5.491, 6.054, 30.0, 30.0, 30.0, 30.0, 30.0, 0.142, 0.124, 0.111, 0.101, 0.093, 0.087, 0.082, 0.077, 0.074]
Crash: [0.]

Vector: [0.143, 0.15, 23.681, 25.348, 27.434, 2.784, 2.635, 2.884, 3.444, 3.785, 2.28, 2.231, 2.266, 3.064, 5.49, 30.0, 30.0, 30.0, 30.0, 30.0, 30.0, 0.142, 0.124, 0.111, 0.101, 0.093, 0.087, 0.082, 0.077, 0.074]
Crash: [0.]

Vector: [0.143, 0.15, 23.681, 25.348, 27.434, 2.783, 2.634, 2.887, 3.446, 3.785, 2.278, 2.23, 2.261, 3.08, 5.491, 6.054, 30.0, 30.0, 30.0, 30.0, 30.0, 0.142, 0.124, 0.111, 0.101, 0.093, 0.087, 0.082, 0.077, 0.074]
Crash: [0.]

Vector: [0.143, 0.15, 23.684, 25.347, 27.433, 2.786, 2.637, 2.885, 3.444, 3.785, 2.279, 2.231, 2.26, 3.085, 5.491, 6.054, 30.0, 30.0, 30.0, 30.0, 30.0, 0.141, 0.124, 0.111, 0.101, 0.093, 0.086, 0.081, 0.077, 0.074]
Crash: [0.]

Vector: [0.143, 0.149, 23.69, 25.353, 27.441, 2.785, 2.636, 2.886, 3.446, 3.784, 2.28, 2.231, 2.263, 3.087, 5.49, 6.055, 30.0, 30.0, 30.0, 30.0, 30.0, 0.142, 0.125, 0.112, 0.102, 0.094, 0.087, 0.082, 0.078, 0.074]
Crash: [0.]

Vector: [21.127, 22.194, 23.686, 25.354, 27.442, 30.0, 30.0, 30.0, 30.0, 30.0, 30.0, 30.0, 30.0, 30.0, 30.0, 30.0, 30.0, 30.0, 30.0, 30.0, 30.0, 30.0, 30.0, 30.0, 30.0, 30.0, 30.0, 30.0, 30.0, 30.0]
Crash: [0.]

Vector: [21.127, 22.195, 23.691, 25.349, 27.437, 30.0, 30.0, 30.0, 30.0, 30.0, 30.0, 30.0, 30.0, 30.0, 30.0, 30.0, 30.0, 30.0, 30.0, 30.0, 30.0, 30.0, 30.0, 30.0, 30.0, 30.0, 30.0, 30.0, 30.0, 30.0]
Crash: [0.]

Vector: [21.108, 22.189, 23.68, 25.343, 27.428, 30.0, 30.0, 30.0, 30.0, 30.0, 30.0, 30.0, 30.0, 30.0, 30.0, 30.0, 30.0, 30.0, 30.0, 30.0, 30.0, 30.0, 30.0, 30.0, 30.0, 30.0, 30.0, 30.0, 30.0, 30.0]
Crash: [0.]

Vector: [0.143, 0.149, 23.679, 25.346, 27.431, 2.786, 2.637, 2.883, 3.441, 3.784, 2.28, 2.231, 2.256, 3.08, 5.491, 6.054, 30.0, 30.0, 30.0, 30.0, 30.0, 30.0, 30.0, 30.0, 30.0, 30.0, 30.0, 30.0, 30.0, 30.0]
Crash: [0.]

Vector: [0.143, 0.15, 23.677, 25.352, 27.438, 2.785, 2.636, 2.886, 3.444, 3.784, 2.279, 2.23, 2.256, 3.091, 5.491, 6.049, 30.0, 30.0, 30.0, 30.0, 30.0, 30.0, 30.0, 30.0, 30.0, 30.0, 30.0, 30.0, 30.0, 30.0]
Crash: [0.]

Vector: [0.143, 0.149, 23.68, 25.345, 27.431, 2.786, 2.637, 2.883, 3.441, 3.784, 2.28, 2.231, 2.26, 3.075, 5.49, 6.055, 30.0, 30.0, 30.0, 30.0, 30.0, 30.0, 30.0, 30.0, 30.0, 30.0, 30.0, 30.0, 30.0, 30.0]
Crash: [0.]

Vector: [0.143, 0.15, 23.681, 25.344, 27.43, 2.786, 2.637, 2.883, 3.441, 3.785, 2.279, 2.23, 2.254, 3.078, 5.491, 30.0, 30.0, 30.0, 30.0, 30.0, 30.0, 0.141, 0.124, 0.111, 0.101, 0.093, 0.087, 0.081, 0.077, 0.074]
Crash: [0.]

Vector: [0.143, 0.15, 23.682, 25.336, 27.42, 2.786, 2.637, 2.881, 3.439, 3.785, 2.281, 2.232, 2.263, 3.061, 5.49, 30.0, 30.0, 30.0, 30.0, 30.0, 30.0, 0.142, 0.125, 0.112, 0.101, 0.093, 0.087, 0.082, 0.078, 0.074]
Crash: [0.]

Vector: [0.143, 0.149, 23.681, 25.34, 27.425, 2.785, 2.636, 2.883, 3.441, 3.785, 2.28, 2.231, 2.263, 3.064, 5.491, 30.0, 30.0, 30.0, 30.0, 30.0, 30.0, 0.142, 0.125, 0.112, 0.101, 0.093, 0.087, 0.082, 0.078, 0.074]
Crash: [0.]

Vector: [0.143, 0.149, 23.687, 25.342, 27.428, 2.787, 2.638, 2.884, 3.443, 3.785, 2.281, 2.232, 2.267, 3.071, 5.49, 30.0, 30.0, 30.0, 30.0, 30.0, 30.0, 0.142, 0.125, 0.112, 0.102, 0.094, 0.087, 0.082, 0.078, 0.074]
Crash: [0.]

Vector: [0.143, 0.15, 23.686, 25.344, 27.43, 2.786, 2.637, 2.888, 3.447, 3.785, 2.28, 2.232, 2.272, 3.075, 5.49, 6.054, 30.0, 30.0, 30.0, 30.0, 30.0, 0.142, 0.125, 0.111, 0.101, 0.093, 0.087, 0.082, 0.078, 0.074]
Crash: [0.]

Vector: [21.107, 22.186, 23.678, 25.339, 27.423, 30.0, 30.0, 30.0, 30.0, 30.0, 30.0, 30.0, 30.0, 30.0, 30.0, 30.0, 30.0, 30.0, 30.0, 30.0, 30.0, 30.0, 30.0, 30.0, 30.0, 30.0, 30.0, 30.0, 30.0, 30.0]
Crash: [0.]

Vector: [0.143, 0.149, 23.687, 25.349, 27.436, 2.785, 2.636, 2.886, 3.445, 3.784, 2.279, 2.231, 2.26, 3.087, 5.491, 6.054, 30.0, 30.0, 30.0, 30.0, 30.0, 0.142, 0.124, 0.111, 0.101, 0.093, 0.087, 0.082, 0.077, 0.074]
Crash: [0.]

