Name: ./data/traffic_lidar_data_2traffic_run4.csv
Date: 17/2/2021
Time: 16:5:4
External Vehicles: 3
Reach set total lines: 30
Reach set steering angle: 60
Reach set max distance: 30
------------------------------
Vector: [0.144, 0.151, 23.685, 25.321, 27.399, 30.0, 6.93, 7.122, 6.318, 7.238, 30.0, 30.0, 30.0, 2.819, 2.804, 4.136, 30.0, 30.0, 30.0, 30.0, 0.163, 0.14, 0.123, 0.11, 0.1, 0.092, 0.086, 0.081, 0.076, 0.073]
Crash: [0.]

Vector: [0.144, 0.151, 23.678, 25.348, 27.432, 30.0, 6.932, 7.118, 6.314, 7.234, 30.0, 30.0, 30.0, 2.816, 2.801, 4.136, 30.0, 30.0, 30.0, 30.0, 0.162, 0.139, 0.122, 0.109, 0.099, 0.091, 0.085, 0.08, 0.076, 0.072]
Crash: [0.]

Vector: [21.132, 22.217, 23.744, 25.385, 27.432, 30.0, 30.0, 30.0, 30.0, 30.0, 30.0, 30.0, 30.0, 30.0, 30.0, 30.0, 30.0, 30.0, 30.0, 30.0, 30.0, 30.0, 30.0, 30.0, 30.0, 30.0, 30.0, 30.0, 30.0, 30.0]
Crash: [0.]

Vector: [21.366, 22.682, 24.071, 25.786, 27.939, 30.0, 30.0, 30.0, 30.0, 11.589, 11.899, 13.28, 30.0, 30.0, 8.007, 30.0, 30.0, 30.0, 30.0, 30.0, 30.0, 30.0, 15.818, 14.211, 0.096, 0.088, 0.082, 0.077, 0.073, 0.07]
Crash: [0.]

Vector: [22.001, 23.212, 24.704, 26.551, 28.865, 30.0, 30.0, 30.0, 30.0, 30.0, 15.705, 15.472, 30.0, 30.0, 30.0, 12.229, 30.0, 30.0, 30.0, 30.0, 30.0, 30.0, 30.0, 30.0, 30.0, 30.0, 30.0, 30.0, 30.0, 30.0]
Crash: [0.]

Vector: [23.305, 24.37, 25.92, 28.043, 30.0, 30.0, 30.0, 30.0, 30.0, 30.0, 19.379, 30.0, 30.0, 30.0, 30.0, 15.829, 30.0, 30.0, 30.0, 30.0, 30.0, 30.0, 30.0, 30.0, 30.0, 30.0, 30.0, 30.0, 30.0, 30.0]
Crash: [0.]

Vector: [24.004, 25.461, 27.282, 29.403, 30.0, 30.0, 30.0, 30.0, 30.0, 30.0, 30.0, 30.0, 30.0, 30.0, 30.0, 30.0, 30.0, 30.0, 30.0, 30.0, 30.0, 30.0, 16.107, 14.667, 30.0, 13.592, 15.897, 15.011, 10.981, 30.0]
Crash: [0.]

Vector: [24.581, 26.082, 30.0, 30.0, 30.0, 30.0, 30.0, 30.0, 30.0, 30.0, 30.0, 30.0, 30.0, 30.0, 30.0, 30.0, 30.0, 30.0, 30.0, 30.0, 30.0, 30.0, 30.0, 30.0, 30.0, 30.0, 30.0, 30.0, 30.0, 30.0]
Crash: [0.]

Vector: [25.351, 26.267, 30.0, 30.0, 30.0, 30.0, 30.0, 30.0, 30.0, 30.0, 20.58, 30.0, 30.0, 30.0, 30.0, 16.422, 30.0, 30.0, 30.0, 30.0, 30.0, 30.0, 30.0, 30.0, 30.0, 30.0, 30.0, 30.0, 30.0, 30.0]
Crash: [0.]

Vector: [25.784, 27.156, 28.88, 30.0, 30.0, 30.0, 30.0, 30.0, 30.0, 18.239, 30.0, 30.0, 30.0, 30.0, 30.0, 14.144, 30.0, 30.0, 30.0, 30.0, 30.0, 30.0, 30.0, 30.0, 30.0, 30.0, 30.0, 30.0, 30.0, 30.0]
Crash: [0.]

Vector: [25.29, 26.296, 27.653, 30.0, 30.0, 30.0, 30.0, 30.0, 30.0, 15.977, 15.511, 30.0, 30.0, 30.0, 30.0, 30.0, 30.0, 30.0, 30.0, 30.0, 30.0, 30.0, 30.0, 13.391, 12.003, 30.0, 10.196, 30.0, 30.0, 30.0]
Crash: [0.]

Vector: [26.394, 27.71, 29.32, 30.0, 30.0, 30.0, 30.0, 30.0, 30.0, 30.0, 30.0, 30.0, 30.0, 30.0, 30.0, 30.0, 30.0, 30.0, 30.0, 30.0, 30.0, 30.0, 30.0, 30.0, 30.0, 30.0, 30.0, 30.0, 30.0, 30.0]
Crash: [0.]

Vector: [27.395, 29.902, 30.0, 30.0, 30.0, 30.0, 30.0, 30.0, 30.0, 30.0, 30.0, 30.0, 30.0, 30.0, 30.0, 30.0, 30.0, 30.0, 30.0, 30.0, 30.0, 30.0, 30.0, 30.0, 30.0, 30.0, 30.0, 30.0, 30.0, 30.0]
Crash: [0.]

Vector: [28.898, 30.0, 30.0, 30.0, 30.0, 30.0, 30.0, 30.0, 30.0, 30.0, 30.0, 30.0, 30.0, 30.0, 30.0, 30.0, 30.0, 30.0, 30.0, 30.0, 30.0, 30.0, 30.0, 30.0, 30.0, 30.0, 30.0, 30.0, 30.0, 30.0]
Crash: [0.]

Vector: [29.751, 30.0, 30.0, 30.0, 30.0, 30.0, 30.0, 30.0, 30.0, 30.0, 30.0, 30.0, 30.0, 30.0, 30.0, 30.0, 30.0, 30.0, 30.0, 30.0, 30.0, 30.0, 30.0, 30.0, 30.0, 30.0, 30.0, 30.0, 30.0, 30.0]
Crash: [0.]

Vector: [30.0, 30.0, 30.0, 30.0, 30.0, 30.0, 30.0, 30.0, 30.0, 30.0, 30.0, 30.0, 30.0, 30.0, 30.0, 30.0, 30.0, 30.0, 30.0, 30.0, 30.0, 30.0, 30.0, 30.0, 30.0, 30.0, 30.0, 30.0, 30.0, 30.0]
Crash: [0.]

Vector: [30.0, 30.0, 30.0, 30.0, 30.0, 30.0, 30.0, 30.0, 30.0, 30.0, 30.0, 30.0, 30.0, 30.0, 30.0, 30.0, 30.0, 30.0, 30.0, 30.0, 30.0, 30.0, 30.0, 30.0, 30.0, 30.0, 30.0, 30.0, 30.0, 30.0]
Crash: [0.]

Vector: [30.0, 30.0, 30.0, 30.0, 30.0, 30.0, 30.0, 30.0, 30.0, 30.0, 30.0, 25.105, 30.0, 30.0, 30.0, 20.441, 30.0, 30.0, 30.0, 30.0, 30.0, 30.0, 30.0, 30.0, 30.0, 30.0, 30.0, 30.0, 30.0, 30.0]
Crash: [0.]

Vector: [30.0, 30.0, 30.0, 30.0, 30.0, 30.0, 30.0, 30.0, 30.0, 30.0, 20.18, 30.0, 30.0, 30.0, 30.0, 15.86, 30.0, 30.0, 30.0, 30.0, 30.0, 30.0, 30.0, 30.0, 30.0, 30.0, 30.0, 30.0, 30.0, 30.0]
Crash: [0.]

Vector: [30.0, 30.0, 30.0, 30.0, 23.649, 24.139, 25.69, 27.752, 30.0, 15.794, 15.294, 16.966, 30.0, 30.0, 30.0, 30.0, 30.0, 30.0, 30.0, 30.0, 30.0, 30.0, 30.0, 12.179, 11.696, 30.0, 30.0, 30.0, 30.0, 9.495]
Crash: [0.]

Vector: [17.347, 18.078, 19.249, 21.004, 23.074, 25.02, 27.413, 30.0, 30.0, 13.962, 13.864, 30.0, 30.0, 30.0, 30.0, 30.0, 30.0, 30.0, 30.0, 30.0, 30.0, 30.0, 30.0, 30.0, 30.0, 30.0, 30.0, 30.0, 30.0, 30.0]
Crash: [0.]

Vector: [20.741, 21.653, 23.01, 24.267, 25.953, 27.381, 30.0, 30.0, 30.0, 30.0, 30.0, 30.0, 30.0, 30.0, 30.0, 30.0, 30.0, 30.0, 30.0, 30.0, 30.0, 30.0, 30.0, 30.0, 30.0, 30.0, 30.0, 30.0, 30.0, 30.0]
Crash: [0.]

Vector: [20.75, 20.857, 20.791, 24.403, 26.217, 28.482, 30.0, 30.0, 30.0, 30.0, 20.53, 22.913, 30.0, 30.0, 30.0, 16.65, 30.0, 30.0, 30.0, 30.0, 30.0, 30.0, 30.0, 30.0, 30.0, 30.0, 30.0, 30.0, 30.0, 30.0]
Crash: [0.]

Vector: [21.395, 22.659, 23.739, 25.066, 26.944, 24.9, 30.0, 30.0, 30.0, 30.0, 30.0, 30.0, 30.0, 30.0, 30.0, 30.0, 30.0, 30.0, 30.0, 30.0, 30.0, 30.0, 30.0, 30.0, 30.0, 30.0, 30.0, 30.0, 30.0, 30.0]
Crash: [0.]

Vector: [21.331, 22.473, 23.607, 25.192, 27.126, 29.413, 30.0, 30.0, 30.0, 30.0, 30.0, 26.189, 30.0, 30.0, 30.0, 22.567, 30.0, 30.0, 30.0, 30.0, 30.0, 30.0, 30.0, 30.0, 10.863, 10.882, 9.98, 10.132, 9.886, 30.0]
Crash: [0.]

Vector: [21.774, 22.876, 23.88, 25.065, 26.611, 28.735, 30.0, 30.0, 30.0, 30.0, 30.0, 26.808, 30.0, 30.0, 30.0, 30.0, 30.0, 30.0, 30.0, 30.0, 30.0, 30.0, 30.0, 30.0, 30.0, 30.0, 30.0, 30.0, 30.0, 30.0]
Crash: [0.]

Vector: [21.69, 22.522, 23.695, 25.009, 26.512, 28.837, 30.0, 30.0, 30.0, 30.0, 30.0, 30.0, 30.0, 30.0, 30.0, 30.0, 30.0, 30.0, 30.0, 30.0, 30.0, 30.0, 30.0, 30.0, 30.0, 30.0, 30.0, 30.0, 30.0, 30.0]
Crash: [0.]

Vector: [21.007, 22.179, 23.039, 24.872, 26.722, 29.94, 30.0, 30.0, 30.0, 19.332, 20.365, 30.0, 30.0, 30.0, 15.002, 14.98, 30.0, 30.0, 30.0, 30.0, 30.0, 30.0, 30.0, 18.401, 19.529, 30.0, 30.0, 30.0, 30.0, 30.0]
Crash: [0.]

Vector: [20.416, 20.981, 21.975, 23.617, 26.214, 28.176, 29.622, 24.991, 30.0, 30.0, 30.0, 30.0, 30.0, 30.0, 30.0, 30.0, 30.0, 30.0, 30.0, 30.0, 30.0, 30.0, 30.0, 30.0, 30.0, 30.0, 30.0, 30.0, 30.0, 30.0]
Crash: [0.]

Vector: [20.576, 16.405, 16.699, 17.713, 18.963, 20.518, 22.477, 24.994, 30.0, 30.0, 30.0, 30.0, 30.0, 30.0, 30.0, 30.0, 30.0, 30.0, 30.0, 30.0, 30.0, 30.0, 30.0, 30.0, 30.0, 30.0, 30.0, 30.0, 30.0, 30.0]
Crash: [0.]

Vector: [22.897, 23.863, 24.38, 17.921, 19.232, 20.866, 23.006, 25.601, 16.053, 15.547, 17.466, 30.0, 30.0, 30.0, 12.655, 11.464, 30.0, 30.0, 30.0, 30.0, 30.0, 30.0, 23.835, 23.929, 30.0, 30.0, 27.189, 25.616, 30.0, 30.0]
Crash: [0.]

Vector: [18.624, 22.745, 22.425, 30.0, 30.0, 30.0, 30.0, 30.0, 30.0, 30.0, 30.0, 24.823, 30.0, 30.0, 30.0, 21.004, 30.0, 30.0, 30.0, 30.0, 30.0, 30.0, 29.277, 30.0, 30.0, 17.382, 15.62, 30.0, 30.0, 30.0]
Crash: [0.]

Vector: [30.0, 30.0, 30.0, 30.0, 30.0, 30.0, 30.0, 30.0, 30.0, 30.0, 30.0, 30.0, 30.0, 30.0, 30.0, 30.0, 30.0, 30.0, 30.0, 30.0, 30.0, 30.0, 23.539, 21.24, 30.0, 20.135, 30.0, 30.0, 30.0, 30.0]
Crash: [0.]

Vector: [30.0, 30.0, 30.0, 30.0, 30.0, 30.0, 30.0, 30.0, 30.0, 30.0, 30.0, 30.0, 30.0, 30.0, 30.0, 30.0, 30.0, 30.0, 30.0, 30.0, 30.0, 30.0, 30.0, 24.721, 19.778, 30.0, 30.0, 30.0, 15.362, 30.0]
Crash: [0.]

Vector: [30.0, 30.0, 30.0, 30.0, 30.0, 30.0, 30.0, 30.0, 30.0, 30.0, 30.0, 30.0, 30.0, 30.0, 30.0, 30.0, 30.0, 30.0, 30.0, 30.0, 30.0, 30.0, 30.0, 20.757, 20.978, 30.0, 14.574, 14.214, 30.0, 30.0]
Crash: [0.]

Vector: [30.0, 30.0, 30.0, 30.0, 30.0, 30.0, 30.0, 30.0, 30.0, 30.0, 30.0, 27.401, 30.0, 30.0, 30.0, 30.0, 30.0, 30.0, 30.0, 30.0, 30.0, 30.0, 30.0, 22.074, 30.0, 30.0, 15.541, 17.253, 16.588, 12.214]
Crash: [0.]

Vector: [30.0, 30.0, 30.0, 30.0, 30.0, 30.0, 30.0, 30.0, 30.0, 30.0, 22.398, 30.0, 30.0, 30.0, 30.0, 18.426, 30.0, 30.0, 30.0, 30.0, 30.0, 30.0, 30.0, 30.0, 30.0, 30.0, 30.0, 30.0, 30.0, 30.0]
Crash: [0.]

Vector: [30.0, 30.0, 30.0, 25.059, 27.178, 29.849, 30.0, 16.114, 16.354, 30.0, 30.0, 30.0, 30.0, 11.668, 11.71, 30.0, 30.0, 30.0, 30.0, 30.0, 30.0, 30.0, 30.0, 9.558, 8.843, 8.245, 10.558, 10.528, 10.512, 30.0]
Crash: [0.]

Vector: [21.467, 30.0, 30.0, 30.0, 30.0, 30.0, 14.781, 15.413, 17.825, 30.0, 30.0, 9.981, 9.731, 9.721, 30.0, 30.0, 30.0, 30.0, 30.0, 30.0, 30.0, 30.0, 30.0, 8.202, 7.491, 6.958, 6.539, 6.206, 5.903, 5.671]
Crash: [0.]

Vector: [30.0, 21.558, 22.614, 23.927, 25.543, 27.549, 30.0, 16.762, 30.0, 30.0, 30.0, 30.0, 30.0, 30.0, 30.0, 30.0, 30.0, 30.0, 30.0, 30.0, 30.0, 30.0, 30.0, 30.0, 30.0, 30.0, 30.0, 30.0, 30.0, 30.0]
Crash: [0.]

Vector: [30.0, 30.0, 30.0, 30.0, 30.0, 27.186, 29.486, 30.0, 30.0, 20.328, 21.775, 30.0, 30.0, 16.095, 15.921, 30.0, 30.0, 30.0, 30.0, 30.0, 30.0, 30.0, 10.032, 8.914, 8.084, 7.443, 6.93, 6.526, 30.0, 30.0]
Crash: [0.]

Vector: [30.0, 30.0, 30.0, 30.0, 30.0, 30.0, 30.0, 30.0, 30.0, 30.0, 30.0, 30.0, 30.0, 30.0, 30.0, 30.0, 30.0, 30.0, 30.0, 30.0, 30.0, 30.0, 30.0, 30.0, 30.0, 19.172, 12.375, 12.037, 13.118, 30.0]
Crash: [0.]

Vector: [30.0, 30.0, 30.0, 30.0, 30.0, 30.0, 30.0, 30.0, 30.0, 30.0, 30.0, 30.0, 30.0, 30.0, 30.0, 30.0, 30.0, 30.0, 30.0, 30.0, 30.0, 30.0, 30.0, 30.0, 30.0, 30.0, 30.0, 30.0, 30.0, 30.0]
Crash: [0.]

Vector: [30.0, 30.0, 30.0, 30.0, 30.0, 30.0, 30.0, 30.0, 30.0, 30.0, 30.0, 30.0, 30.0, 30.0, 30.0, 28.504, 30.0, 30.0, 30.0, 30.0, 30.0, 30.0, 30.0, 30.0, 30.0, 30.0, 30.0, 30.0, 30.0, 30.0]
Crash: [0.]

Vector: [29.976, 29.519, 30.0, 30.0, 30.0, 30.0, 30.0, 30.0, 30.0, 30.0, 30.0, 30.0, 30.0, 30.0, 30.0, 30.0, 30.0, 30.0, 30.0, 30.0, 30.0, 30.0, 30.0, 30.0, 30.0, 30.0, 30.0, 30.0, 30.0, 30.0]
Crash: [0.]

Vector: [30.0, 30.0, 30.0, 30.0, 30.0, 30.0, 30.0, 30.0, 30.0, 30.0, 30.0, 27.475, 30.0, 30.0, 30.0, 30.0, 30.0, 30.0, 30.0, 30.0, 30.0, 30.0, 30.0, 30.0, 30.0, 30.0, 30.0, 30.0, 30.0, 30.0]
Crash: [0.]

Vector: [22.925, 30.0, 30.0, 30.0, 30.0, 30.0, 30.0, 30.0, 30.0, 30.0, 30.0, 22.793, 30.0, 30.0, 30.0, 18.589, 30.0, 30.0, 30.0, 30.0, 30.0, 30.0, 30.0, 19.198, 30.0, 30.0, 15.623, 15.27, 30.0, 30.0]
Crash: [0.]

Vector: [30.0, 17.12, 30.0, 30.0, 20.905, 30.0, 25.482, 28.208, 30.0, 30.0, 30.0, 30.0, 30.0, 30.0, 30.0, 30.0, 30.0, 30.0, 30.0, 30.0, 30.0, 30.0, 30.0, 30.0, 30.0, 30.0, 30.0, 30.0, 30.0, 30.0]
Crash: [0.]

Vector: [21.584, 20.315, 18.61, 19.786, 21.24, 23.095, 25.465, 14.805, 15.706, 30.0, 30.0, 30.0, 9.962, 9.705, 10.096, 30.0, 30.0, 30.0, 30.0, 30.0, 30.0, 30.0, 30.0, 10.966, 9.989, 9.615, 8.596, 8.108, 7.716, 30.0]
Crash: [0.]

Vector: [15.702, 16.349, 17.146, 30.0, 30.0, 30.0, 30.0, 30.0, 14.367, 14.647, 17.145, 30.0, 30.0, 9.87, 9.715, 9.745, 30.0, 30.0, 30.0, 30.0, 30.0, 30.0, 25.519, 12.672, 11.373, 30.0, 9.554, 8.935, 8.428, 8.027]
Crash: [0.]

Vector: [15.191, 15.806, 16.582, 17.527, 18.706, 30.0, 21.992, 30.0, 30.0, 30.0, 20.06, 20.27, 30.0, 30.0, 16.043, 15.949, 30.0, 30.0, 30.0, 30.0, 30.0, 30.0, 15.007, 13.256, 12.392, 10.928, 10.128, 30.0, 30.0, 30.0]
Crash: [0.]

Vector: [30.0, 30.0, 30.0, 30.0, 30.0, 30.0, 30.0, 30.0, 30.0, 30.0, 30.0, 30.0, 30.0, 30.0, 30.0, 30.0, 30.0, 30.0, 30.0, 30.0, 30.0, 30.0, 21.367, 21.728, 30.0, 30.0, 30.0, 30.0, 30.0, 30.0]
Crash: [0.]

Vector: [30.0, 30.0, 30.0, 30.0, 30.0, 30.0, 30.0, 30.0, 30.0, 30.0, 30.0, 30.0, 30.0, 30.0, 30.0, 30.0, 30.0, 30.0, 30.0, 30.0, 30.0, 30.0, 30.0, 30.0, 30.0, 19.739, 19.33, 30.0, 30.0, 30.0]
Crash: [0.]

Vector: [30.0, 30.0, 30.0, 30.0, 30.0, 30.0, 30.0, 30.0, 26.261, 30.0, 30.0, 30.0, 29.608, 30.0, 30.0, 30.0, 30.0, 30.0, 30.0, 30.0, 30.0, 30.0, 30.0, 20.334, 30.0, 23.688, 30.0, 30.0, 30.0, 30.0]
Crash: [0.]

Vector: [30.0, 14.295, 30.0, 30.0, 30.0, 30.0, 30.0, 30.0, 30.0, 30.0, 30.0, 30.0, 28.798, 30.0, 30.0, 25.273, 30.0, 30.0, 30.0, 30.0, 30.0, 30.0, 30.0, 30.0, 30.0, 30.0, 30.0, 30.0, 30.0, 30.0]
Crash: [0.]

Vector: [30.0, 30.0, 30.0, 30.0, 30.0, 30.0, 30.0, 30.0, 30.0, 30.0, 30.0, 30.0, 30.0, 30.0, 30.0, 30.0, 30.0, 30.0, 30.0, 30.0, 30.0, 30.0, 30.0, 30.0, 30.0, 30.0, 30.0, 30.0, 30.0, 30.0]
Crash: [0.]

