Name: ./data/traffic_lidar_data_2traffic_run6.csv
Date: 17/2/2021
Time: 16:2:36
External Vehicles: 3
Reach set total lines: 30
Reach set steering angle: 60
Reach set max distance: 30
------------------------------
Vector: [21.106, 22.185, 23.684, 25.32, 27.393, 30.0, 30.0, 30.0, 30.0, 30.0, 30.0, 30.0, 30.0, 30.0, 30.0, 30.0, 30.0, 30.0, 30.0, 30.0, 30.0, 30.0, 30.0, 30.0, 30.0, 30.0, 30.0, 30.0, 30.0, 30.0]
Crash: [0.]

Vector: [0.146, 22.211, 23.696, 25.371, 27.458, 30.0, 30.0, 30.0, 4.325, 4.151, 4.612, 4.516, 3.913, 3.881, 30.0, 30.0, 30.0, 30.0, 30.0, 30.0, 0.16, 0.137, 0.12, 0.108, 0.098, 0.09, 0.084, 0.079, 0.075, 0.072]
Crash: [0.]

Vector: [21.881, 23.19, 24.321, 30.0, 30.0, 30.0, 30.0, 30.0, 30.0, 30.0, 5.847, 5.593, 5.533, 6.23, 30.0, 30.0, 30.0, 30.0, 30.0, 30.0, 30.0, 30.0, 20.511, 22.041, 30.0, 13.052, 12.217, 30.0, 30.0, 30.0]
Crash: [0.]

Vector: [21.978, 23.144, 24.607, 26.417, 28.681, 30.0, 30.0, 30.0, 30.0, 6.168, 7.408, 7.416, 6.247, 30.0, 30.0, 30.0, 30.0, 30.0, 30.0, 30.0, 30.0, 30.0, 30.0, 30.0, 30.0, 30.0, 30.0, 30.0, 30.0, 30.0]
Crash: [0.]

Vector: [22.399, 23.651, 25.181, 27.119, 29.579, 30.0, 30.0, 6.509, 6.888, 6.796, 6.246, 30.0, 30.0, 30.0, 30.0, 30.0, 30.0, 30.0, 30.0, 30.0, 30.0, 30.0, 30.0, 30.0, 30.0, 30.0, 30.0, 30.0, 30.0, 30.0]
Crash: [0.]

Vector: [23.048, 24.344, 26.045, 30.0, 30.0, 30.0, 30.0, 30.0, 8.612, 8.503, 30.0, 30.0, 30.0, 30.0, 30.0, 30.0, 30.0, 30.0, 30.0, 30.0, 30.0, 30.0, 15.508, 14.846, 30.0, 12.934, 12.65, 15.449, 15.628, 30.0]
Crash: [0.]

Vector: [23.605, 25.08, 26.579, 30.0, 30.0, 30.0, 30.0, 30.0, 30.0, 30.0, 30.0, 30.0, 30.0, 30.0, 30.0, 30.0, 30.0, 30.0, 30.0, 30.0, 30.0, 30.0, 30.0, 30.0, 30.0, 30.0, 30.0, 30.0, 30.0, 30.0]
Crash: [0.]

Vector: [24.315, 25.609, 27.274, 29.295, 8.464, 8.175, 8.743, 30.0, 30.0, 30.0, 30.0, 30.0, 30.0, 30.0, 30.0, 30.0, 30.0, 30.0, 30.0, 30.0, 30.0, 30.0, 30.0, 30.0, 30.0, 30.0, 30.0, 30.0, 30.0, 30.0]
Crash: [0.]

Vector: [6.407, 6.716, 7.13, 30.0, 30.0, 30.0, 30.0, 30.0, 30.0, 30.0, 30.0, 30.0, 30.0, 30.0, 30.0, 30.0, 30.0, 30.0, 30.0, 30.0, 30.0, 30.0, 30.0, 30.0, 30.0, 30.0, 30.0, 30.0, 30.0, 30.0]
Crash: [0.]

Vector: [28.295, 30.0, 30.0, 30.0, 30.0, 30.0, 30.0, 30.0, 30.0, 30.0, 30.0, 30.0, 30.0, 11.257, 11.768, 30.0, 30.0, 30.0, 30.0, 30.0, 30.0, 30.0, 30.0, 30.0, 30.0, 30.0, 30.0, 30.0, 30.0, 30.0]
Crash: [0.]

Vector: [27.991, 29.137, 30.0, 30.0, 30.0, 30.0, 30.0, 30.0, 30.0, 30.0, 30.0, 30.0, 30.0, 30.0, 11.69, 11.043, 30.0, 30.0, 30.0, 30.0, 30.0, 30.0, 30.0, 30.0, 30.0, 30.0, 30.0, 30.0, 30.0, 30.0]
Crash: [0.]

Vector: [30.0, 30.0, 30.0, 30.0, 30.0, 30.0, 30.0, 30.0, 30.0, 30.0, 30.0, 30.0, 30.0, 30.0, 11.993, 30.0, 30.0, 30.0, 30.0, 30.0, 30.0, 30.0, 30.0, 30.0, 30.0, 30.0, 30.0, 30.0, 30.0, 30.0]
Crash: [0.]

Vector: [29.138, 30.0, 30.0, 30.0, 30.0, 30.0, 30.0, 30.0, 30.0, 30.0, 30.0, 30.0, 30.0, 30.0, 11.092, 11.082, 30.0, 30.0, 30.0, 30.0, 30.0, 30.0, 30.0, 30.0, 30.0, 30.0, 30.0, 30.0, 30.0, 30.0]
Crash: [0.]

Vector: [29.811, 30.0, 30.0, 30.0, 30.0, 30.0, 30.0, 30.0, 30.0, 30.0, 30.0, 30.0, 30.0, 30.0, 12.587, 12.459, 30.0, 30.0, 30.0, 30.0, 30.0, 30.0, 30.0, 30.0, 30.0, 30.0, 30.0, 30.0, 30.0, 30.0]
Crash: [0.]

Vector: [7.487, 7.826, 30.0, 30.0, 30.0, 30.0, 30.0, 30.0, 30.0, 30.0, 30.0, 30.0, 30.0, 30.0, 30.0, 30.0, 30.0, 30.0, 30.0, 30.0, 30.0, 30.0, 30.0, 30.0, 30.0, 30.0, 30.0, 30.0, 30.0, 30.0]
Crash: [0.]

Vector: [7.634, 7.942, 8.345, 30.0, 30.0, 30.0, 30.0, 30.0, 30.0, 30.0, 30.0, 30.0, 30.0, 30.0, 30.0, 30.0, 30.0, 30.0, 30.0, 30.0, 30.0, 30.0, 30.0, 30.0, 30.0, 30.0, 30.0, 30.0, 30.0, 30.0]
Crash: [0.]

Vector: [7.788, 8.111, 8.469, 9.005, 30.0, 30.0, 30.0, 30.0, 30.0, 30.0, 30.0, 30.0, 30.0, 30.0, 30.0, 30.0, 30.0, 30.0, 30.0, 30.0, 30.0, 30.0, 30.0, 30.0, 30.0, 30.0, 30.0, 30.0, 30.0, 30.0]
Crash: [0.]

Vector: [7.788, 30.0, 30.0, 30.0, 30.0, 30.0, 30.0, 30.0, 30.0, 30.0, 30.0, 30.0, 30.0, 30.0, 19.864, 30.0, 30.0, 30.0, 30.0, 30.0, 30.0, 30.0, 30.0, 30.0, 30.0, 30.0, 30.0, 30.0, 30.0, 30.0]
Crash: [0.]

Vector: [30.0, 30.0, 30.0, 30.0, 30.0, 30.0, 30.0, 30.0, 30.0, 30.0, 30.0, 30.0, 30.0, 30.0, 30.0, 16.523, 30.0, 30.0, 30.0, 30.0, 30.0, 30.0, 30.0, 30.0, 30.0, 30.0, 30.0, 30.0, 30.0, 30.0]
Crash: [0.]

Vector: [20.541, 21.048, 22.363, 23.582, 25.273, 28.231, 30.0, 30.0, 30.0, 30.0, 30.0, 30.0, 30.0, 30.0, 11.258, 11.781, 30.0, 30.0, 30.0, 30.0, 30.0, 30.0, 30.0, 30.0, 30.0, 30.0, 10.942, 10.747, 30.0, 30.0]
Crash: [0.]

Vector: [21.153, 22.079, 23.282, 24.555, 26.121, 28.276, 30.0, 30.0, 30.0, 30.0, 30.0, 30.0, 30.0, 9.09, 8.98, 9.016, 30.0, 30.0, 30.0, 30.0, 30.0, 30.0, 18.584, 18.405, 30.0, 30.0, 30.0, 30.0, 30.0, 30.0]
Crash: [0.]

Vector: [21.913, 22.898, 23.3, 22.809, 27.837, 29.925, 30.0, 30.0, 30.0, 30.0, 30.0, 30.0, 30.0, 30.0, 11.496, 11.484, 30.0, 30.0, 30.0, 30.0, 30.0, 30.0, 30.0, 15.208, 30.0, 30.0, 30.0, 30.0, 9.354, 8.519]
Crash: [0.]

Vector: [22.429, 23.224, 24.218, 23.249, 23.318, 30.0, 30.0, 30.0, 30.0, 30.0, 30.0, 30.0, 30.0, 30.0, 11.833, 12.004, 30.0, 30.0, 30.0, 30.0, 30.0, 30.0, 30.0, 30.0, 30.0, 30.0, 30.0, 30.0, 30.0, 30.0]
Crash: [0.]

Vector: [22.086, 23.076, 24.062, 25.461, 27.511, 29.489, 30.0, 30.0, 30.0, 30.0, 30.0, 30.0, 30.0, 30.0, 9.48, 9.457, 30.0, 30.0, 30.0, 30.0, 30.0, 30.0, 30.0, 30.0, 30.0, 30.0, 30.0, 30.0, 30.0, 30.0]
Crash: [0.]

Vector: [20.65, 21.085, 21.778, 22.894, 24.301, 26.384, 28.791, 30.0, 30.0, 30.0, 30.0, 30.0, 30.0, 30.0, 10.356, 10.33, 30.0, 30.0, 30.0, 30.0, 30.0, 30.0, 30.0, 30.0, 30.0, 30.0, 30.0, 30.0, 30.0, 30.0]
Crash: [0.]

Vector: [20.292, 21.465, 22.829, 24.506, 25.686, 27.724, 29.887, 30.0, 30.0, 30.0, 30.0, 30.0, 30.0, 30.0, 30.0, 18.284, 30.0, 30.0, 30.0, 30.0, 30.0, 30.0, 30.0, 30.0, 30.0, 30.0, 30.0, 30.0, 30.0, 30.0]
Crash: [0.]

Vector: [21.801, 22.62, 23.737, 25.004, 27.551, 29.734, 30.0, 30.0, 30.0, 30.0, 30.0, 30.0, 30.0, 30.0, 30.0, 30.0, 30.0, 30.0, 30.0, 30.0, 30.0, 30.0, 30.0, 17.235, 30.0, 30.0, 30.0, 30.0, 30.0, 30.0]
Crash: [0.]

Vector: [21.068, 21.956, 23.18, 24.734, 26.641, 28.963, 30.0, 30.0, 30.0, 30.0, 30.0, 30.0, 30.0, 30.0, 30.0, 30.0, 30.0, 30.0, 30.0, 30.0, 30.0, 30.0, 30.0, 21.903, 30.0, 30.0, 30.0, 30.0, 30.0, 30.0]
Crash: [0.]

Vector: [21.213, 22.003, 23.099, 24.678, 26.355, 29.295, 30.0, 30.0, 30.0, 30.0, 30.0, 30.0, 30.0, 30.0, 30.0, 27.268, 30.0, 30.0, 30.0, 30.0, 30.0, 30.0, 26.073, 30.0, 30.0, 30.0, 30.0, 30.0, 10.013, 9.43]
Crash: [0.]

Vector: [22.634, 23.174, 23.836, 26.143, 20.521, 30.0, 30.0, 30.0, 30.0, 30.0, 30.0, 30.0, 30.0, 30.0, 30.0, 30.0, 30.0, 30.0, 30.0, 30.0, 30.0, 30.0, 30.0, 30.0, 30.0, 30.0, 30.0, 30.0, 30.0, 30.0]
Crash: [0.]

Vector: [23.919, 24.493, 21.518, 22.944, 24.292, 27.76, 30.0, 30.0, 30.0, 30.0, 30.0, 30.0, 30.0, 30.0, 30.0, 20.302, 30.0, 30.0, 30.0, 30.0, 30.0, 30.0, 30.0, 24.116, 30.0, 30.0, 30.0, 30.0, 30.0, 30.0]
Crash: [0.]

Vector: [30.0, 30.0, 30.0, 30.0, 30.0, 30.0, 24.309, 30.0, 30.0, 30.0, 30.0, 30.0, 30.0, 30.0, 30.0, 30.0, 30.0, 30.0, 30.0, 30.0, 30.0, 30.0, 30.0, 30.0, 30.0, 30.0, 30.0, 30.0, 30.0, 30.0]
Crash: [0.]

Vector: [30.0, 30.0, 30.0, 30.0, 30.0, 30.0, 30.0, 30.0, 30.0, 30.0, 30.0, 10.577, 10.311, 10.65, 30.0, 30.0, 30.0, 30.0, 30.0, 30.0, 30.0, 30.0, 30.0, 30.0, 7.507, 7.028, 6.726, 6.307, 6.267, 30.0]
Crash: [0.]

Vector: [30.0, 30.0, 30.0, 30.0, 30.0, 30.0, 30.0, 30.0, 30.0, 30.0, 30.0, 30.0, 30.0, 30.0, 30.0, 30.0, 30.0, 30.0, 30.0, 30.0, 30.0, 30.0, 30.0, 30.0, 30.0, 30.0, 30.0, 30.0, 30.0, 30.0]
Crash: [0.]

Vector: [30.0, 30.0, 30.0, 30.0, 30.0, 30.0, 30.0, 30.0, 30.0, 30.0, 30.0, 8.645, 30.0, 9.747, 30.0, 30.0, 30.0, 30.0, 30.0, 30.0, 30.0, 30.0, 30.0, 30.0, 30.0, 30.0, 30.0, 30.0, 30.0, 30.0]
Crash: [0.]

Vector: [21.763, 22.667, 30.0, 25.402, 30.0, 29.67, 30.0, 30.0, 30.0, 30.0, 30.0, 30.0, 11.77, 11.605, 14.512, 30.0, 30.0, 30.0, 30.0, 30.0, 30.0, 30.0, 30.0, 30.0, 30.0, 30.0, 30.0, 30.0, 30.0, 30.0]
Crash: [0.]

Vector: [30.0, 30.0, 30.0, 30.0, 30.0, 30.0, 30.0, 30.0, 30.0, 30.0, 30.0, 30.0, 30.0, 30.0, 30.0, 30.0, 30.0, 30.0, 30.0, 30.0, 30.0, 30.0, 30.0, 30.0, 30.0, 30.0, 30.0, 30.0, 30.0, 30.0]
Crash: [0.]

Vector: [30.0, 30.0, 30.0, 30.0, 30.0, 30.0, 30.0, 30.0, 30.0, 30.0, 30.0, 30.0, 30.0, 30.0, 30.0, 30.0, 30.0, 30.0, 30.0, 30.0, 30.0, 30.0, 30.0, 13.251, 10.42, 9.947, 9.827, 12.131, 30.0, 8.646]
Crash: [0.]

Vector: [30.0, 30.0, 30.0, 30.0, 30.0, 30.0, 30.0, 30.0, 30.0, 30.0, 30.0, 30.0, 30.0, 30.0, 30.0, 28.891, 30.0, 30.0, 30.0, 30.0, 30.0, 30.0, 30.0, 20.119, 19.769, 30.0, 25.234, 23.559, 22.188, 30.0]
Crash: [0.]

Vector: [30.0, 30.0, 30.0, 30.0, 30.0, 30.0, 30.0, 30.0, 30.0, 30.0, 30.0, 30.0, 30.0, 30.0, 30.0, 30.0, 30.0, 30.0, 30.0, 30.0, 30.0, 30.0, 30.0, 30.0, 30.0, 30.0, 30.0, 30.0, 30.0, 30.0]
Crash: [0.]

Vector: [30.0, 30.0, 30.0, 30.0, 30.0, 30.0, 30.0, 30.0, 30.0, 30.0, 30.0, 30.0, 30.0, 30.0, 30.0, 25.634, 30.0, 30.0, 30.0, 30.0, 30.0, 30.0, 30.0, 18.586, 30.0, 22.289, 30.0, 30.0, 30.0, 30.0]
Crash: [0.]

Vector: [30.0, 30.0, 30.0, 30.0, 30.0, 30.0, 30.0, 30.0, 30.0, 30.0, 30.0, 30.0, 30.0, 30.0, 30.0, 30.0, 30.0, 30.0, 30.0, 30.0, 30.0, 30.0, 30.0, 30.0, 30.0, 30.0, 30.0, 30.0, 30.0, 30.0]
Crash: [0.]

Vector: [30.0, 30.0, 30.0, 19.131, 20.265, 21.755, 23.597, 26.279, 30.0, 30.0, 30.0, 30.0, 30.0, 30.0, 30.0, 12.852, 30.0, 30.0, 30.0, 30.0, 30.0, 30.0, 30.0, 14.386, 30.0, 28.949, 26.734, 30.0, 8.857, 8.39]
Crash: [0.]

Vector: [14.842, 30.0, 16.464, 30.0, 30.0, 30.0, 30.0, 30.0, 30.0, 30.0, 30.0, 30.0, 30.0, 30.0, 30.0, 30.0, 30.0, 30.0, 30.0, 30.0, 30.0, 30.0, 18.341, 16.223, 30.0, 30.0, 30.0, 30.0, 30.0, 30.0]
Crash: [0.]

Vector: [14.312, 14.953, 30.0, 17.01, 27.469, 27.852, 21.309, 30.0, 30.0, 30.0, 30.0, 30.0, 30.0, 30.0, 30.0, 30.0, 30.0, 30.0, 30.0, 30.0, 30.0, 30.0, 30.0, 15.981, 14.486, 13.26, 12.328, 11.612, 30.0, 30.0]
Crash: [0.]

Vector: [13.908, 14.508, 15.265, 16.177, 17.329, 18.771, 20.583, 30.0, 30.0, 30.0, 30.0, 30.0, 30.0, 30.0, 30.0, 30.0, 30.0, 30.0, 30.0, 30.0, 30.0, 30.0, 30.0, 30.0, 30.0, 30.0, 30.0, 30.0, 30.0, 30.0]
Crash: [0.]

Vector: [13.786, 30.0, 30.0, 30.0, 30.0, 30.0, 30.0, 30.0, 26.033, 30.0, 30.0, 30.0, 30.0, 30.0, 30.0, 30.0, 30.0, 30.0, 30.0, 30.0, 30.0, 30.0, 30.0, 29.756, 30.0, 13.458, 12.511, 30.0, 30.0, 30.0]
Crash: [0.]

Vector: [30.0, 30.0, 30.0, 30.0, 30.0, 30.0, 30.0, 30.0, 30.0, 30.0, 30.0, 30.0, 30.0, 30.0, 30.0, 30.0, 30.0, 30.0, 30.0, 30.0, 30.0, 30.0, 30.0, 30.0, 30.0, 30.0, 30.0, 30.0, 30.0, 30.0]
Crash: [0.]

Vector: [30.0, 30.0, 30.0, 30.0, 22.946, 21.918, 30.0, 30.0, 30.0, 30.0, 30.0, 30.0, 30.0, 30.0, 30.0, 30.0, 30.0, 30.0, 30.0, 30.0, 30.0, 30.0, 21.414, 20.994, 30.0, 30.0, 19.155, 18.211, 19.341, 30.0]
Crash: [0.]

Vector: [13.744, 14.41, 15.229, 16.236, 17.485, 19.048, 21.041, 23.84, 27.426, 30.0, 30.0, 30.0, 30.0, 30.0, 30.0, 26.312, 30.0, 30.0, 30.0, 30.0, 30.0, 30.0, 30.0, 30.0, 30.0, 30.0, 30.0, 30.0, 30.0, 30.0]
Crash: [0.]

Vector: [30.0, 30.0, 30.0, 30.0, 30.0, 30.0, 30.0, 30.0, 30.0, 30.0, 30.0, 30.0, 30.0, 30.0, 30.0, 30.0, 30.0, 30.0, 30.0, 30.0, 30.0, 30.0, 30.0, 30.0, 30.0, 30.0, 30.0, 30.0, 30.0, 30.0]
Crash: [0.]

Vector: [30.0, 30.0, 30.0, 30.0, 30.0, 30.0, 30.0, 30.0, 30.0, 30.0, 30.0, 30.0, 30.0, 30.0, 30.0, 30.0, 30.0, 30.0, 30.0, 30.0, 30.0, 30.0, 30.0, 30.0, 30.0, 21.308, 15.065, 15.367, 30.0, 30.0]
Crash: [0.]

Vector: [30.0, 30.0, 30.0, 30.0, 30.0, 30.0, 30.0, 23.233, 30.0, 30.0, 30.0, 30.0, 30.0, 30.0, 30.0, 30.0, 30.0, 30.0, 30.0, 30.0, 30.0, 30.0, 30.0, 30.0, 30.0, 30.0, 30.0, 30.0, 30.0, 30.0]
Crash: [0.]

Vector: [30.0, 30.0, 30.0, 30.0, 30.0, 30.0, 30.0, 30.0, 30.0, 30.0, 30.0, 30.0, 30.0, 30.0, 30.0, 30.0, 30.0, 30.0, 30.0, 30.0, 30.0, 30.0, 30.0, 30.0, 30.0, 30.0, 30.0, 30.0, 30.0, 30.0]
Crash: [0.]

Vector: [29.767, 30.0, 30.0, 11.911, 12.559, 13.442, 14.582, 30.0, 30.0, 30.0, 30.0, 30.0, 30.0, 30.0, 30.0, 30.0, 30.0, 30.0, 30.0, 30.0, 30.0, 30.0, 30.0, 30.0, 30.0, 30.0, 30.0, 30.0, 30.0, 30.0]
Crash: [0.]

Vector: [25.955, 26.58, 27.431, 28.468, 29.764, 30.0, 30.0, 30.0, 30.0, 30.0, 30.0, 30.0, 30.0, 30.0, 30.0, 30.0, 30.0, 30.0, 30.0, 30.0, 30.0, 30.0, 30.0, 30.0, 30.0, 30.0, 30.0, 30.0, 30.0, 30.0]
Crash: [0.]

