Name: ./data/traffic_lidar_data_2traffic_run2.csv
Date: 17/2/2021
Time: 16:3:44
External Vehicles: 3
Reach set total lines: 30
Reach set steering angle: 60
Reach set max distance: 30
------------------------------
Vector: [21.107, 22.186, 23.685, 25.323, 27.395, 30.0, 30.0, 30.0, 30.0, 30.0, 30.0, 30.0, 30.0, 30.0, 30.0, 30.0, 30.0, 30.0, 30.0, 30.0, 30.0, 30.0, 30.0, 30.0, 30.0, 30.0, 30.0, 30.0, 30.0, 30.0]
Crash: [0.]

Vector: [21.108, 22.188, 23.678, 25.342, 27.425, 30.0, 30.0, 30.0, 30.0, 30.0, 30.0, 30.0, 30.0, 30.0, 30.0, 30.0, 30.0, 30.0, 30.0, 30.0, 30.0, 30.0, 30.0, 30.0, 30.0, 30.0, 30.0, 30.0, 30.0, 30.0]
Crash: [0.]

Vector: [0.144, 0.15, 23.689, 25.366, 27.455, 30.0, 30.0, 30.0, 30.0, 30.0, 30.0, 30.0, 30.0, 2.946, 2.93, 3.492, 30.0, 30.0, 30.0, 30.0, 0.163, 0.14, 0.122, 0.11, 0.1, 0.092, 0.086, 0.08, 0.076, 0.073]
Crash: [0.]

Vector: [0.143, 0.15, 23.691, 25.368, 27.458, 30.0, 30.0, 30.0, 30.0, 30.0, 30.0, 30.0, 30.0, 2.898, 2.883, 3.484, 30.0, 30.0, 30.0, 30.0, 30.0, 30.0, 30.0, 30.0, 30.0, 30.0, 30.0, 30.0, 30.0, 30.0]
Crash: [0.]

Vector: [0.144, 0.15, 23.69, 25.367, 27.457, 30.0, 30.0, 30.0, 30.0, 30.0, 30.0, 30.0, 30.0, 2.868, 2.853, 3.484, 30.0, 30.0, 30.0, 30.0, 0.164, 0.141, 0.123, 0.11, 0.1, 0.093, 0.086, 0.081, 0.077, 0.073]
Crash: [0.]

Vector: [21.111, 22.191, 23.681, 25.356, 27.444, 30.0, 30.0, 30.0, 30.0, 30.0, 30.0, 30.0, 30.0, 30.0, 30.0, 30.0, 30.0, 30.0, 30.0, 30.0, 30.0, 30.0, 30.0, 30.0, 30.0, 30.0, 30.0, 30.0, 30.0, 30.0]
Crash: [0.]

Vector: [0.143, 0.15, 23.677, 25.351, 27.438, 30.0, 30.0, 30.0, 30.0, 30.0, 30.0, 30.0, 30.0, 2.868, 2.853, 3.488, 30.0, 30.0, 30.0, 30.0, 30.0, 0.141, 0.124, 0.111, 0.101, 0.093, 0.087, 0.081, 0.077, 0.074]
Crash: [0.]

Vector: [0.144, 0.15, 23.687, 25.364, 27.452, 30.0, 30.0, 30.0, 30.0, 30.0, 30.0, 30.0, 30.0, 2.867, 2.852, 3.485, 30.0, 30.0, 30.0, 30.0, 30.0, 0.141, 0.124, 0.111, 0.101, 0.093, 0.086, 0.081, 0.077, 0.074]
Crash: [0.]

Vector: [0.143, 0.15, 23.683, 25.355, 27.443, 30.0, 30.0, 30.0, 30.0, 30.0, 30.0, 30.0, 30.0, 2.865, 2.85, 3.484, 30.0, 30.0, 30.0, 30.0, 30.0, 0.142, 0.124, 0.111, 0.101, 0.093, 0.087, 0.082, 0.077, 0.074]
Crash: [0.]

Vector: [0.143, 0.15, 23.69, 25.361, 27.45, 30.0, 30.0, 30.0, 30.0, 30.0, 30.0, 30.0, 30.0, 2.867, 2.852, 3.487, 30.0, 30.0, 30.0, 30.0, 30.0, 0.142, 0.124, 0.111, 0.101, 0.093, 0.087, 0.082, 0.077, 0.074]
Crash: [0.]

Vector: [0.143, 0.15, 23.686, 25.352, 27.44, 30.0, 30.0, 30.0, 30.0, 30.0, 30.0, 30.0, 30.0, 2.866, 2.851, 3.487, 30.0, 30.0, 30.0, 30.0, 30.0, 0.142, 0.124, 0.111, 0.101, 0.093, 0.087, 0.082, 0.077, 0.074]
Crash: [0.]

Vector: [0.143, 0.15, 23.684, 25.352, 27.439, 30.0, 30.0, 30.0, 30.0, 30.0, 30.0, 30.0, 30.0, 2.867, 2.852, 3.488, 30.0, 30.0, 30.0, 30.0, 30.0, 0.142, 0.124, 0.111, 0.101, 0.093, 0.087, 0.082, 0.077, 0.074]
Crash: [0.]

Vector: [0.143, 0.15, 23.682, 25.352, 27.439, 30.0, 30.0, 30.0, 30.0, 30.0, 30.0, 30.0, 30.0, 2.868, 2.853, 3.487, 30.0, 30.0, 30.0, 30.0, 30.0, 30.0, 30.0, 30.0, 30.0, 30.0, 30.0, 30.0, 30.0, 30.0]
Crash: [0.]

Vector: [21.112, 22.192, 23.686, 25.348, 27.435, 30.0, 30.0, 30.0, 30.0, 30.0, 30.0, 30.0, 30.0, 30.0, 30.0, 30.0, 30.0, 30.0, 30.0, 30.0, 30.0, 30.0, 30.0, 30.0, 30.0, 30.0, 30.0, 30.0, 30.0, 30.0]
Crash: [0.]

Vector: [0.143, 0.15, 23.688, 25.352, 27.439, 30.0, 30.0, 30.0, 30.0, 30.0, 30.0, 30.0, 30.0, 2.869, 2.854, 3.487, 30.0, 30.0, 30.0, 30.0, 30.0, 0.141, 0.124, 0.111, 0.101, 0.093, 0.087, 0.081, 0.077, 0.074]
Crash: [0.]

Vector: [21.113, 22.194, 23.688, 25.35, 27.436, 30.0, 30.0, 30.0, 30.0, 30.0, 30.0, 30.0, 30.0, 30.0, 30.0, 30.0, 30.0, 30.0, 30.0, 30.0, 30.0, 30.0, 30.0, 30.0, 30.0, 30.0, 30.0, 30.0, 30.0, 30.0]
Crash: [0.]

Vector: [0.143, 0.149, 23.688, 25.353, 27.441, 30.0, 30.0, 30.0, 30.0, 30.0, 30.0, 30.0, 30.0, 2.868, 2.853, 3.488, 30.0, 30.0, 30.0, 30.0, 30.0, 30.0, 30.0, 30.0, 30.0, 30.0, 30.0, 30.0, 30.0, 30.0]
Crash: [0.]

Vector: [0.143, 0.149, 23.689, 25.348, 27.435, 30.0, 30.0, 30.0, 30.0, 30.0, 30.0, 30.0, 30.0, 2.864, 2.849, 3.484, 30.0, 30.0, 30.0, 30.0, 30.0, 0.142, 0.124, 0.111, 0.101, 0.093, 0.087, 0.082, 0.077, 0.074]
Crash: [0.]

Vector: [0.143, 0.15, 23.686, 25.355, 27.444, 30.0, 30.0, 30.0, 30.0, 30.0, 30.0, 30.0, 30.0, 2.865, 2.85, 3.486, 30.0, 30.0, 30.0, 30.0, 30.0, 0.142, 0.125, 0.111, 0.101, 0.093, 0.087, 0.082, 0.078, 0.074]
Crash: [0.]

Vector: [21.111, 22.192, 23.685, 25.348, 27.434, 30.0, 30.0, 30.0, 30.0, 30.0, 30.0, 30.0, 30.0, 30.0, 30.0, 30.0, 30.0, 30.0, 30.0, 30.0, 30.0, 30.0, 30.0, 30.0, 30.0, 30.0, 30.0, 30.0, 30.0, 30.0]
Crash: [0.]

Vector: [0.143, 0.15, 23.682, 25.353, 27.44, 30.0, 30.0, 30.0, 30.0, 30.0, 30.0, 30.0, 30.0, 2.866, 2.851, 3.485, 30.0, 30.0, 30.0, 30.0, 30.0, 0.141, 0.124, 0.111, 0.101, 0.093, 0.087, 0.081, 0.077, 0.074]
Crash: [0.]

Vector: [0.143, 0.15, 23.691, 25.355, 27.444, 30.0, 30.0, 30.0, 30.0, 30.0, 30.0, 30.0, 30.0, 2.865, 2.851, 3.488, 30.0, 30.0, 30.0, 30.0, 30.0, 0.142, 0.125, 0.111, 0.101, 0.093, 0.087, 0.082, 0.078, 0.074]
Crash: [0.]

Vector: [0.143, 0.15, 23.689, 25.356, 27.444, 30.0, 30.0, 30.0, 30.0, 30.0, 30.0, 30.0, 30.0, 2.865, 2.851, 3.486, 30.0, 30.0, 30.0, 30.0, 30.0, 0.142, 0.124, 0.111, 0.101, 0.093, 0.087, 0.082, 0.077, 0.074]
Crash: [0.]

Vector: [0.143, 0.15, 23.688, 25.356, 27.444, 30.0, 30.0, 30.0, 30.0, 30.0, 30.0, 30.0, 30.0, 2.866, 2.851, 3.489, 30.0, 30.0, 30.0, 30.0, 30.0, 0.142, 0.124, 0.111, 0.101, 0.093, 0.087, 0.082, 0.077, 0.074]
Crash: [0.]

Vector: [21.113, 22.194, 23.688, 25.349, 27.436, 30.0, 30.0, 30.0, 30.0, 30.0, 30.0, 30.0, 30.0, 30.0, 30.0, 30.0, 30.0, 30.0, 30.0, 30.0, 30.0, 30.0, 30.0, 30.0, 30.0, 30.0, 30.0, 30.0, 30.0, 30.0]
Crash: [0.]

Vector: [0.143, 0.15, 23.684, 25.353, 27.44, 30.0, 30.0, 30.0, 30.0, 30.0, 30.0, 30.0, 30.0, 2.864, 2.85, 3.486, 30.0, 30.0, 30.0, 30.0, 30.0, 0.141, 0.124, 0.111, 0.101, 0.093, 0.087, 0.082, 0.077, 0.074]
Crash: [0.]

Vector: [21.116, 22.197, 23.69, 25.356, 27.445, 30.0, 30.0, 30.0, 30.0, 30.0, 30.0, 30.0, 30.0, 30.0, 30.0, 30.0, 30.0, 30.0, 30.0, 30.0, 30.0, 30.0, 30.0, 30.0, 30.0, 30.0, 30.0, 30.0, 30.0, 30.0]
Crash: [0.]

Vector: [0.143, 0.15, 23.686, 25.356, 27.444, 30.0, 30.0, 30.0, 30.0, 30.0, 30.0, 30.0, 30.0, 2.871, 2.856, 3.491, 30.0, 30.0, 30.0, 30.0, 30.0, 0.141, 0.124, 0.111, 0.101, 0.093, 0.086, 0.081, 0.077, 0.074]
Crash: [0.]

Vector: [0.143, 0.149, 23.688, 25.349, 27.435, 30.0, 30.0, 30.0, 30.0, 30.0, 30.0, 30.0, 30.0, 2.865, 2.85, 3.486, 30.0, 30.0, 30.0, 30.0, 30.0, 30.0, 30.0, 30.0, 30.0, 30.0, 30.0, 30.0, 30.0, 30.0]
Crash: [0.]

Vector: [0.143, 0.149, 23.687, 25.35, 27.437, 30.0, 30.0, 30.0, 30.0, 30.0, 30.0, 30.0, 30.0, 2.865, 2.85, 3.486, 30.0, 30.0, 30.0, 30.0, 30.0, 30.0, 30.0, 30.0, 30.0, 30.0, 30.0, 30.0, 30.0, 30.0]
Crash: [0.]

Vector: [21.111, 22.191, 23.684, 25.346, 27.432, 30.0, 30.0, 30.0, 30.0, 30.0, 30.0, 30.0, 30.0, 30.0, 30.0, 30.0, 30.0, 30.0, 30.0, 30.0, 30.0, 30.0, 30.0, 30.0, 30.0, 30.0, 30.0, 30.0, 30.0, 30.0]
Crash: [0.]

Vector: [0.143, 0.15, 23.685, 25.358, 27.446, 30.0, 30.0, 30.0, 30.0, 30.0, 30.0, 30.0, 30.0, 2.863, 2.848, 3.486, 30.0, 30.0, 30.0, 30.0, 30.0, 0.141, 0.124, 0.111, 0.101, 0.093, 0.086, 0.081, 0.077, 0.074]
Crash: [0.]

Vector: [0.143, 0.15, 23.685, 25.345, 27.431, 30.0, 30.0, 30.0, 30.0, 30.0, 30.0, 30.0, 30.0, 2.864, 2.849, 3.487, 30.0, 30.0, 30.0, 30.0, 30.0, 0.141, 0.124, 0.111, 0.101, 0.093, 0.087, 0.081, 0.077, 0.074]
Crash: [0.]

Vector: [0.142, 0.149, 23.69, 25.357, 27.446, 30.0, 30.0, 30.0, 30.0, 30.0, 30.0, 30.0, 30.0, 2.863, 2.848, 3.486, 30.0, 30.0, 30.0, 30.0, 30.0, 30.0, 30.0, 30.0, 30.0, 30.0, 30.0, 30.0, 30.0, 30.0]
Crash: [0.]

Vector: [0.143, 0.149, 23.692, 25.358, 27.446, 30.0, 30.0, 30.0, 30.0, 30.0, 30.0, 30.0, 30.0, 2.862, 2.847, 3.486, 30.0, 30.0, 30.0, 30.0, 30.0, 0.142, 0.125, 0.112, 0.102, 0.094, 0.087, 0.082, 0.078, 0.074]
Crash: [0.]

Vector: [0.143, 0.149, 23.689, 25.355, 27.442, 30.0, 30.0, 30.0, 30.0, 30.0, 30.0, 30.0, 30.0, 2.863, 2.848, 3.484, 30.0, 30.0, 30.0, 30.0, 30.0, 0.141, 0.124, 0.111, 0.101, 0.093, 0.086, 0.081, 0.077, 0.074]
Crash: [0.]

