Name: ./data/traffic_lidar_data_2traffic_run8.csv
Date: 17/2/2021
Time: 16:1:51
External Vehicles: 3
Reach set total lines: 30
Reach set steering angle: 60
Reach set max distance: 30
------------------------------
Vector: [0.144, 0.151, 3.479, 3.685, 2.93, 2.749, 2.81, 3.123, 3.509, 3.982, 4.808, 30.0, 30.0, 30.0, 30.0, 30.0, 30.0, 30.0, 30.0, 30.0, 30.0, 30.0, 30.0, 30.0, 30.0, 30.0, 30.0, 30.0, 30.0, 30.0]
Crash: [0.]

Vector: [21.108, 3.806, 3.48, 3.687, 4.055, 4.461, 4.46, 30.0, 30.0, 30.0, 30.0, 30.0, 30.0, 30.0, 30.0, 30.0, 30.0, 30.0, 30.0, 30.0, 30.0, 30.0, 30.0, 30.0, 30.0, 30.0, 30.0, 30.0, 30.0, 30.0]
Crash: [0.]

Vector: [21.133, 22.217, 23.725, 25.37, 27.445, 4.579, 4.771, 5.651, 4.002, 4.272, 5.231, 30.0, 30.0, 30.0, 30.0, 30.0, 30.0, 30.0, 30.0, 30.0, 30.0, 30.0, 0.124, 0.111, 0.101, 0.093, 0.087, 0.081, 0.077, 0.074]
Crash: [0.]

Vector: [21.275, 22.584, 23.95, 25.635, 27.757, 30.0, 30.0, 30.0, 30.0, 30.0, 30.0, 30.0, 30.0, 30.0, 30.0, 30.0, 30.0, 30.0, 30.0, 30.0, 30.0, 30.0, 30.0, 30.0, 30.0, 30.0, 30.0, 30.0, 30.0, 30.0]
Crash: [0.]

Vector: [21.451, 22.788, 24.19, 25.922, 28.084, 30.0, 30.0, 30.0, 30.0, 9.001, 9.381, 9.423, 30.0, 30.0, 30.0, 30.0, 30.0, 30.0, 30.0, 30.0, 30.0, 30.0, 15.738, 14.155, 30.0, 12.886, 12.03, 11.337, 10.777, 30.0]
Crash: [0.]

Vector: [30.0, 23.642, 25.151, 30.0, 30.0, 30.0, 30.0, 30.0, 30.0, 30.0, 12.233, 13.302, 30.0, 30.0, 30.0, 30.0, 30.0, 30.0, 30.0, 30.0, 30.0, 30.0, 18.221, 18.747, 30.0, 12.919, 11.7, 11.105, 10.571, 30.0]
Crash: [0.]

Vector: [23.391, 24.616, 26.349, 28.692, 30.0, 30.0, 30.0, 30.0, 30.0, 30.0, 30.0, 30.0, 30.0, 30.0, 30.0, 30.0, 30.0, 30.0, 30.0, 30.0, 30.0, 30.0, 30.0, 30.0, 30.0, 30.0, 30.0, 30.0, 30.0, 30.0]
Crash: [0.]

Vector: [24.465, 26.293, 30.0, 30.0, 30.0, 30.0, 30.0, 11.247, 11.244, 30.0, 30.0, 30.0, 30.0, 30.0, 30.0, 30.0, 30.0, 30.0, 30.0, 30.0, 30.0, 30.0, 30.0, 30.0, 30.0, 30.0, 30.0, 30.0, 30.0, 30.0]
Crash: [0.]

Vector: [24.427, 30.0, 27.174, 8.178, 7.617, 7.559, 8.271, 30.0, 30.0, 30.0, 30.0, 30.0, 30.0, 30.0, 30.0, 30.0, 30.0, 30.0, 30.0, 30.0, 30.0, 30.0, 30.0, 30.0, 30.0, 30.0, 30.0, 30.0, 30.0, 30.0]
Crash: [0.]

Vector: [6.515, 5.456, 5.8, 6.342, 6.437, 6.974, 30.0, 30.0, 30.0, 30.0, 30.0, 30.0, 30.0, 30.0, 30.0, 30.0, 30.0, 30.0, 30.0, 30.0, 30.0, 30.0, 30.0, 30.0, 30.0, 30.0, 30.0, 30.0, 30.0, 30.0]
Crash: [0.]

Vector: [5.905, 5.717, 6.009, 6.646, 7.206, 30.0, 30.0, 30.0, 30.0, 30.0, 30.0, 30.0, 30.0, 30.0, 30.0, 30.0, 30.0, 30.0, 30.0, 30.0, 30.0, 30.0, 30.0, 30.0, 30.0, 30.0, 30.0, 30.0, 30.0, 30.0]
Crash: [0.]

Vector: [26.708, 28.276, 30.0, 30.0, 30.0, 10.798, 9.912, 11.253, 30.0, 30.0, 30.0, 30.0, 30.0, 30.0, 19.41, 17.644, 30.0, 30.0, 30.0, 30.0, 30.0, 30.0, 30.0, 30.0, 30.0, 30.0, 30.0, 30.0, 30.0, 30.0]
Crash: [0.]

Vector: [28.178, 29.811, 30.0, 30.0, 30.0, 30.0, 30.0, 30.0, 30.0, 30.0, 30.0, 30.0, 30.0, 30.0, 30.0, 30.0, 30.0, 30.0, 30.0, 30.0, 30.0, 30.0, 30.0, 30.0, 30.0, 30.0, 30.0, 30.0, 30.0, 30.0]
Crash: [0.]

Vector: [29.012, 30.0, 30.0, 30.0, 30.0, 30.0, 30.0, 30.0, 30.0, 30.0, 30.0, 30.0, 30.0, 30.0, 30.0, 30.0, 30.0, 30.0, 30.0, 30.0, 30.0, 30.0, 30.0, 30.0, 30.0, 30.0, 30.0, 30.0, 30.0, 30.0]
Crash: [0.]

Vector: [30.0, 30.0, 30.0, 30.0, 30.0, 30.0, 30.0, 30.0, 30.0, 30.0, 30.0, 30.0, 30.0, 30.0, 30.0, 30.0, 30.0, 30.0, 30.0, 30.0, 30.0, 30.0, 30.0, 30.0, 30.0, 30.0, 30.0, 30.0, 30.0, 30.0]
Crash: [0.]

Vector: [30.0, 30.0, 30.0, 30.0, 30.0, 30.0, 14.116, 30.0, 30.0, 30.0, 30.0, 30.0, 30.0, 30.0, 30.0, 30.0, 30.0, 30.0, 30.0, 30.0, 30.0, 30.0, 30.0, 30.0, 30.0, 30.0, 30.0, 30.0, 30.0, 30.0]
Crash: [0.]

Vector: [30.0, 30.0, 30.0, 30.0, 10.605, 10.493, 11.469, 30.0, 30.0, 30.0, 30.0, 30.0, 30.0, 30.0, 30.0, 17.194, 30.0, 30.0, 30.0, 30.0, 30.0, 30.0, 30.0, 30.0, 30.0, 30.0, 30.0, 30.0, 30.0, 30.0]
Crash: [0.]

Vector: [7.339, 7.588, 30.0, 30.0, 30.0, 30.0, 30.0, 30.0, 30.0, 30.0, 30.0, 30.0, 30.0, 30.0, 30.0, 11.535, 30.0, 30.0, 30.0, 30.0, 30.0, 30.0, 30.0, 30.0, 30.0, 30.0, 30.0, 30.0, 30.0, 30.0]
Crash: [0.]

Vector: [30.0, 30.0, 30.0, 30.0, 30.0, 30.0, 30.0, 27.486, 29.199, 30.0, 30.0, 30.0, 30.0, 30.0, 30.0, 30.0, 30.0, 30.0, 30.0, 30.0, 30.0, 30.0, 30.0, 19.571, 30.0, 30.0, 30.0, 30.0, 30.0, 30.0]
Crash: [0.]

Vector: [30.0, 30.0, 19.652, 20.465, 21.731, 23.342, 25.465, 28.17, 30.0, 30.0, 30.0, 30.0, 30.0, 30.0, 30.0, 30.0, 30.0, 30.0, 30.0, 30.0, 30.0, 30.0, 30.0, 30.0, 30.0, 30.0, 30.0, 30.0, 30.0, 30.0]
Crash: [0.]

Vector: [5.829, 5.794, 6.116, 21.256, 23.227, 25.76, 28.042, 30.0, 30.0, 30.0, 30.0, 30.0, 30.0, 30.0, 30.0, 14.52, 30.0, 30.0, 30.0, 30.0, 30.0, 30.0, 30.0, 30.0, 30.0, 30.0, 30.0, 30.0, 30.0, 30.0]
Crash: [0.]

Vector: [20.868, 21.687, 22.983, 24.564, 26.659, 29.063, 10.621, 10.6, 12.047, 30.0, 30.0, 30.0, 30.0, 30.0, 30.0, 20.179, 30.0, 30.0, 30.0, 30.0, 30.0, 30.0, 30.0, 30.0, 30.0, 30.0, 30.0, 30.0, 30.0, 30.0]
Crash: [0.]

Vector: [21.067, 22.087, 23.455, 25.024, 25.485, 26.3, 30.0, 30.0, 30.0, 30.0, 30.0, 30.0, 30.0, 30.0, 30.0, 30.0, 30.0, 30.0, 30.0, 30.0, 30.0, 30.0, 30.0, 30.0, 30.0, 12.966, 11.63, 14.184, 30.0, 30.0]
Crash: [0.]

Vector: [21.694, 22.733, 23.776, 25.515, 27.127, 29.251, 27.66, 30.0, 14.747, 16.332, 30.0, 30.0, 30.0, 30.0, 30.0, 30.0, 30.0, 30.0, 30.0, 30.0, 30.0, 30.0, 30.0, 30.0, 30.0, 30.0, 30.0, 9.989, 9.52, 9.672]
Crash: [0.]

Vector: [17.884, 22.705, 24.084, 25.615, 27.512, 29.739, 30.0, 30.0, 14.885, 30.0, 30.0, 30.0, 30.0, 30.0, 30.0, 30.0, 30.0, 30.0, 30.0, 30.0, 30.0, 30.0, 30.0, 11.581, 11.396, 30.0, 11.239, 30.0, 30.0, 30.0]
Crash: [0.]

Vector: [21.779, 22.994, 23.835, 25.019, 26.574, 28.656, 12.413, 12.496, 14.024, 30.0, 30.0, 30.0, 30.0, 30.0, 30.0, 30.0, 30.0, 30.0, 30.0, 30.0, 30.0, 30.0, 30.0, 30.0, 30.0, 30.0, 30.0, 30.0, 30.0, 30.0]
Crash: [0.]

Vector: [21.495, 9.253, 8.387, 8.603, 9.193, 30.0, 30.0, 30.0, 30.0, 30.0, 30.0, 30.0, 30.0, 30.0, 30.0, 15.605, 30.0, 30.0, 30.0, 30.0, 30.0, 30.0, 30.0, 30.0, 30.0, 30.0, 30.0, 30.0, 30.0, 30.0]
Crash: [0.]

Vector: [6.919, 7.148, 21.754, 23.317, 24.169, 26.043, 28.863, 30.0, 30.0, 30.0, 30.0, 30.0, 30.0, 30.0, 30.0, 11.957, 30.0, 30.0, 30.0, 30.0, 30.0, 30.0, 30.0, 30.0, 30.0, 30.0, 30.0, 30.0, 30.0, 30.0]
Crash: [0.]

Vector: [19.557, 20.063, 21.14, 22.558, 25.535, 27.763, 29.444, 24.841, 28.193, 30.0, 30.0, 30.0, 30.0, 30.0, 30.0, 8.575, 30.0, 30.0, 30.0, 30.0, 30.0, 30.0, 30.0, 23.259, 22.107, 20.385, 30.0, 30.0, 30.0, 30.0]
Crash: [0.]

Vector: [20.21, 21.244, 17.335, 17.728, 19.045, 20.691, 22.778, 25.477, 29.354, 30.0, 30.0, 30.0, 30.0, 30.0, 30.0, 9.523, 30.0, 30.0, 30.0, 30.0, 30.0, 30.0, 30.0, 30.0, 30.0, 29.41, 30.0, 30.0, 30.0, 30.0]
Crash: [0.]

Vector: [20.883, 21.756, 22.949, 24.59, 29.052, 10.5, 9.901, 10.524, 11.797, 30.0, 30.0, 30.0, 30.0, 30.0, 30.0, 18.543, 30.0, 30.0, 30.0, 30.0, 30.0, 30.0, 30.0, 30.0, 30.0, 30.0, 30.0, 30.0, 30.0, 30.0]
Crash: [0.]

Vector: [23.005, 24.135, 21.073, 22.416, 22.702, 28.778, 30.0, 30.0, 30.0, 30.0, 30.0, 30.0, 30.0, 30.0, 30.0, 30.0, 30.0, 30.0, 30.0, 30.0, 30.0, 30.0, 22.431, 24.88, 30.0, 30.0, 30.0, 30.0, 30.0, 30.0]
Crash: [0.]

Vector: [19.348, 30.0, 30.0, 30.0, 30.0, 30.0, 30.0, 30.0, 30.0, 30.0, 30.0, 30.0, 30.0, 30.0, 30.0, 30.0, 30.0, 30.0, 30.0, 30.0, 30.0, 30.0, 30.0, 30.0, 30.0, 30.0, 30.0, 30.0, 30.0, 30.0]
Crash: [0.]

Vector: [30.0, 30.0, 30.0, 30.0, 30.0, 30.0, 30.0, 30.0, 30.0, 30.0, 22.737, 30.0, 30.0, 30.0, 30.0, 30.0, 30.0, 30.0, 30.0, 30.0, 30.0, 30.0, 24.875, 30.0, 30.0, 19.55, 17.664, 19.413, 15.12, 30.0]
Crash: [0.]

Vector: [30.0, 30.0, 30.0, 30.0, 30.0, 30.0, 30.0, 30.0, 30.0, 30.0, 19.522, 30.0, 30.0, 30.0, 30.0, 30.0, 30.0, 30.0, 30.0, 30.0, 30.0, 30.0, 30.0, 18.787, 18.921, 18.513, 18.626, 14.116, 16.288, 15.185]
Crash: [0.]

Vector: [22.735, 30.0, 30.0, 30.0, 30.0, 30.0, 30.0, 30.0, 30.0, 30.0, 30.0, 30.0, 30.0, 30.0, 30.0, 30.0, 30.0, 30.0, 30.0, 30.0, 30.0, 30.0, 30.0, 30.0, 30.0, 30.0, 30.0, 30.0, 30.0, 30.0]
Crash: [0.]

Vector: [30.0, 30.0, 30.0, 30.0, 30.0, 10.128, 10.414, 30.0, 30.0, 30.0, 30.0, 30.0, 30.0, 30.0, 30.0, 18.649, 30.0, 30.0, 30.0, 30.0, 30.0, 30.0, 30.0, 15.046, 15.475, 30.0, 13.26, 11.967, 30.0, 30.0]
Crash: [0.]

Vector: [30.0, 30.0, 24.535, 26.472, 28.895, 30.0, 30.0, 30.0, 30.0, 30.0, 30.0, 30.0, 11.596, 11.553, 30.0, 30.0, 30.0, 30.0, 30.0, 30.0, 30.0, 30.0, 30.0, 8.799, 8.198, 7.681, 10.08, 9.128, 9.445, 30.0]
Crash: [0.]

Vector: [30.0, 30.0, 30.0, 30.0, 30.0, 30.0, 30.0, 30.0, 30.0, 30.0, 30.0, 9.052, 30.0, 10.228, 30.0, 30.0, 30.0, 30.0, 30.0, 30.0, 30.0, 30.0, 30.0, 30.0, 21.623, 30.0, 13.985, 14.423, 30.0, 30.0]
Crash: [0.]

Vector: [30.0, 30.0, 30.0, 30.0, 30.0, 30.0, 30.0, 30.0, 30.0, 5.647, 5.496, 5.391, 6.191, 30.0, 30.0, 30.0, 30.0, 30.0, 30.0, 30.0, 30.0, 30.0, 30.0, 19.784, 19.337, 30.0, 12.78, 12.822, 30.0, 13.22]
Crash: [0.]

Vector: [30.0, 30.0, 30.0, 30.0, 30.0, 30.0, 30.0, 30.0, 30.0, 30.0, 30.0, 30.0, 30.0, 30.0, 30.0, 30.0, 30.0, 30.0, 30.0, 30.0, 30.0, 30.0, 30.0, 30.0, 30.0, 30.0, 16.213, 15.491, 13.91, 14.587]
Crash: [0.]

Vector: [30.0, 30.0, 30.0, 30.0, 30.0, 30.0, 30.0, 30.0, 30.0, 30.0, 30.0, 30.0, 30.0, 30.0, 30.0, 30.0, 30.0, 30.0, 30.0, 30.0, 30.0, 30.0, 30.0, 30.0, 30.0, 30.0, 30.0, 30.0, 30.0, 30.0]
Crash: [0.]

Vector: [30.0, 30.0, 30.0, 30.0, 30.0, 30.0, 30.0, 30.0, 30.0, 30.0, 30.0, 30.0, 30.0, 30.0, 30.0, 30.0, 30.0, 30.0, 30.0, 30.0, 30.0, 30.0, 30.0, 30.0, 30.0, 30.0, 30.0, 30.0, 30.0, 30.0]
Crash: [0.]

Vector: [16.202, 16.874, 17.682, 18.693, 19.94, 21.453, 23.45, 25.808, 28.987, 30.0, 30.0, 30.0, 30.0, 30.0, 30.0, 30.0, 30.0, 30.0, 30.0, 30.0, 30.0, 30.0, 30.0, 21.62, 30.0, 30.0, 16.269, 17.819, 30.0, 30.0]
Crash: [0.]

Vector: [15.33, 16.009, 16.837, 17.86, 19.123, 20.696, 22.665, 25.231, 28.586, 30.0, 30.0, 30.0, 30.0, 30.0, 30.0, 30.0, 30.0, 30.0, 30.0, 30.0, 30.0, 30.0, 30.0, 23.609, 22.259, 30.0, 30.0, 30.0, 30.0, 13.711]
Crash: [0.]

Vector: [30.0, 30.0, 30.0, 30.0, 30.0, 30.0, 30.0, 30.0, 30.0, 30.0, 30.0, 30.0, 30.0, 30.0, 30.0, 30.0, 30.0, 30.0, 30.0, 30.0, 30.0, 30.0, 30.0, 20.829, 21.388, 30.0, 20.665, 30.0, 30.0, 30.0]
Crash: [0.]

Vector: [30.0, 30.0, 30.0, 30.0, 30.0, 30.0, 30.0, 30.0, 30.0, 30.0, 30.0, 30.0, 30.0, 30.0, 30.0, 30.0, 30.0, 30.0, 30.0, 30.0, 30.0, 30.0, 30.0, 30.0, 22.404, 23.285, 16.237, 16.59, 30.0, 30.0]
Crash: [0.]

Vector: [30.0, 30.0, 30.0, 30.0, 17.485, 30.0, 30.0, 30.0, 30.0, 30.0, 30.0, 30.0, 30.0, 30.0, 30.0, 30.0, 30.0, 30.0, 30.0, 30.0, 30.0, 30.0, 30.0, 30.0, 30.0, 30.0, 30.0, 15.947, 30.0, 30.0]
Crash: [0.]

Vector: [30.0, 30.0, 30.0, 30.0, 30.0, 30.0, 30.0, 30.0, 30.0, 30.0, 30.0, 30.0, 30.0, 30.0, 30.0, 30.0, 30.0, 30.0, 30.0, 30.0, 30.0, 30.0, 30.0, 30.0, 30.0, 30.0, 30.0, 30.0, 30.0, 30.0]
Crash: [0.]

Vector: [28.004, 28.997, 30.0, 30.0, 30.0, 30.0, 30.0, 30.0, 30.0, 30.0, 30.0, 30.0, 30.0, 30.0, 30.0, 30.0, 30.0, 30.0, 30.0, 30.0, 30.0, 30.0, 30.0, 30.0, 30.0, 30.0, 30.0, 30.0, 30.0, 30.0]
Crash: [0.]

Vector: [28.131, 29.444, 30.0, 30.0, 30.0, 30.0, 30.0, 30.0, 30.0, 30.0, 30.0, 30.0, 30.0, 30.0, 30.0, 30.0, 30.0, 30.0, 30.0, 30.0, 30.0, 30.0, 30.0, 30.0, 30.0, 30.0, 30.0, 30.0, 30.0, 30.0]
Crash: [0.]

Vector: [25.873, 26.781, 27.856, 29.469, 30.0, 30.0, 30.0, 30.0, 30.0, 30.0, 30.0, 30.0, 30.0, 30.0, 30.0, 30.0, 30.0, 30.0, 30.0, 30.0, 30.0, 30.0, 30.0, 30.0, 30.0, 30.0, 30.0, 30.0, 30.0, 30.0]
Crash: [0.]

Vector: [22.346, 23.336, 24.656, 25.998, 28.032, 30.0, 30.0, 30.0, 30.0, 30.0, 30.0, 30.0, 30.0, 30.0, 30.0, 30.0, 30.0, 30.0, 30.0, 30.0, 30.0, 30.0, 30.0, 30.0, 30.0, 30.0, 30.0, 30.0, 30.0, 30.0]
Crash: [0.]

Vector: [22.202, 23.409, 24.725, 25.974, 27.808, 29.88, 30.0, 30.0, 30.0, 30.0, 30.0, 30.0, 30.0, 30.0, 30.0, 30.0, 30.0, 30.0, 30.0, 30.0, 30.0, 30.0, 30.0, 30.0, 30.0, 30.0, 30.0, 30.0, 30.0, 30.0]
Crash: [0.]

Vector: [22.168, 23.11, 24.241, 25.61, 27.458, 29.69, 30.0, 30.0, 30.0, 30.0, 30.0, 30.0, 30.0, 30.0, 30.0, 30.0, 30.0, 30.0, 30.0, 30.0, 30.0, 30.0, 30.0, 30.0, 30.0, 30.0, 30.0, 30.0, 30.0, 30.0]
Crash: [0.]

Vector: [18.009, 18.155, 18.273, 18.957, 19.867, 20.548, 20.217, 30.0, 30.0, 30.0, 30.0, 30.0, 30.0, 30.0, 30.0, 30.0, 30.0, 30.0, 30.0, 30.0, 30.0, 30.0, 30.0, 30.0, 30.0, 30.0, 30.0, 30.0, 30.0, 30.0]
Crash: [0.]

Vector: [11.291, 11.682, 12.189, 12.81, 13.578, 14.527, 15.71, 17.224, 19.155, 21.669, 25.258, 30.0, 30.0, 30.0, 30.0, 30.0, 30.0, 30.0, 30.0, 30.0, 30.0, 30.0, 30.0, 30.0, 30.0, 30.0, 30.0, 30.0, 30.0, 30.0]
Crash: [0.]

Vector: [8.872, 9.243, 9.687, 10.245, 10.92, 11.776, 12.855, 30.0, 30.0, 30.0, 30.0, 30.0, 30.0, 30.0, 30.0, 30.0, 30.0, 30.0, 30.0, 30.0, 30.0, 30.0, 30.0, 30.0, 30.0, 30.0, 30.0, 30.0, 30.0, 30.0]
Crash: [0.]

