Name: ./data/traffic_lidar_data_2traffic_run0.csv
Date: 17/2/2021
Time: 16:4:20
External Vehicles: 3
Reach set total lines: 30
Reach set steering angle: 60
Reach set max distance: 30
------------------------------
Vector: [0.144, 0.15, 23.695, 25.333, 27.413, 30.0, 30.0, 3.487, 3.35, 4.041, 4.569, 3.098, 3.049, 3.707, 30.0, 30.0, 30.0, 30.0, 30.0, 30.0, 30.0, 30.0, 30.0, 30.0, 30.0, 30.0, 30.0, 30.0, 30.0, 30.0]
Crash: [0.]

Vector: [0.054, 0.056, 0.059, 0.063, 27.463, 30.0, 30.0, 3.519, 3.381, 4.046, 4.606, 3.131, 3.082, 3.741, 30.0, 30.0, 30.0, 30.0, 30.0, 0.188, 0.155, 0.133, 0.116, 0.104, 0.095, 0.087, 0.081, 0.076, 0.072, 0.069]
Crash: [0.]

Vector: [0.139, 22.208, 24.034, 25.396, 27.441, 30.0, 30.0, 30.0, 30.0, 30.0, 5.387, 6.64, 6.615, 5.256, 30.0, 30.0, 30.0, 30.0, 30.0, 30.0, 30.0, 30.0, 30.0, 30.0, 30.0, 30.0, 30.0, 30.0, 30.0, 30.0]
Crash: [0.]

Vector: [21.106, 22.185, 23.704, 25.337, 27.368, 29.978, 30.0, 30.0, 30.0, 30.0, 30.0, 30.0, 30.0, 30.0, 30.0, 30.0, 30.0, 30.0, 30.0, 30.0, 30.0, 30.0, 30.0, 30.0, 30.0, 30.0, 30.0, 30.0, 30.0, 30.0]
Crash: [0.]

Vector: [21.617, 22.73, 24.076, 26.26, 30.0, 30.0, 30.0, 30.0, 30.0, 30.0, 30.0, 30.0, 30.0, 30.0, 30.0, 30.0, 30.0, 30.0, 30.0, 30.0, 30.0, 30.0, 30.0, 30.0, 30.0, 30.0, 30.0, 30.0, 30.0, 30.0]
Crash: [0.]

Vector: [22.253, 23.375, 24.834, 30.0, 30.0, 30.0, 30.0, 30.0, 30.0, 30.0, 12.48, 12.295, 30.0, 30.0, 30.0, 30.0, 30.0, 30.0, 30.0, 30.0, 30.0, 30.0, 18.91, 17.354, 30.0, 12.675, 12.397, 11.2, 10.717, 30.0]
Crash: [0.]

Vector: [23.932, 25.099, 30.0, 30.0, 30.0, 30.0, 30.0, 30.0, 30.0, 12.96, 30.0, 30.0, 30.0, 30.0, 30.0, 30.0, 30.0, 30.0, 30.0, 30.0, 30.0, 30.0, 14.074, 13.411, 13.218, 12.916, 12.708, 11.343, 14.512, 30.0]
Crash: [0.]

Vector: [30.0, 25.489, 27.132, 30.0, 30.0, 30.0, 10.511, 10.089, 10.9, 30.0, 30.0, 30.0, 30.0, 30.0, 30.0, 17.437, 30.0, 30.0, 30.0, 30.0, 30.0, 30.0, 30.0, 30.0, 30.0, 30.0, 30.0, 30.0, 30.0, 30.0]
Crash: [0.]

Vector: [24.889, 25.938, 8.07, 7.433, 7.345, 8.231, 8.788, 30.0, 30.0, 30.0, 30.0, 30.0, 30.0, 30.0, 30.0, 17.315, 30.0, 30.0, 30.0, 30.0, 30.0, 30.0, 30.0, 30.0, 30.0, 30.0, 30.0, 30.0, 30.0, 30.0]
Crash: [0.]

Vector: [30.0, 28.035, 30.0, 30.0, 30.0, 30.0, 30.0, 30.0, 30.0, 30.0, 30.0, 30.0, 30.0, 30.0, 30.0, 13.218, 30.0, 30.0, 30.0, 30.0, 30.0, 30.0, 30.0, 30.0, 30.0, 30.0, 30.0, 30.0, 30.0, 30.0]
Crash: [0.]

Vector: [29.591, 30.0, 30.0, 30.0, 30.0, 30.0, 30.0, 30.0, 30.0, 30.0, 30.0, 30.0, 10.313, 10.112, 10.198, 30.0, 30.0, 30.0, 30.0, 30.0, 30.0, 30.0, 30.0, 9.027, 8.332, 30.0, 7.365, 7.018, 6.745, 6.521]
Crash: [0.]

Vector: [28.862, 30.0, 30.0, 30.0, 30.0, 30.0, 30.0, 30.0, 30.0, 30.0, 30.0, 30.0, 30.0, 11.414, 11.929, 30.0, 30.0, 30.0, 30.0, 30.0, 30.0, 30.0, 30.0, 30.0, 30.0, 30.0, 30.0, 30.0, 30.0, 30.0]
Crash: [0.]

Vector: [30.0, 30.0, 30.0, 30.0, 30.0, 30.0, 30.0, 30.0, 30.0, 30.0, 30.0, 30.0, 30.0, 13.39, 13.3, 30.0, 30.0, 30.0, 30.0, 30.0, 30.0, 30.0, 9.876, 8.877, 8.237, 7.48, 6.983, 6.785, 6.478, 30.0]
Crash: [0.]

Vector: [8.661, 9.002, 9.462, 30.0, 30.0, 30.0, 30.0, 30.0, 30.0, 30.0, 30.0, 30.0, 30.0, 30.0, 20.968, 30.0, 30.0, 30.0, 30.0, 30.0, 30.0, 30.0, 30.0, 30.0, 30.0, 30.0, 30.0, 30.0, 30.0, 30.0]
Crash: [0.]

Vector: [30.0, 30.0, 30.0, 30.0, 10.772, 10.908, 30.0, 30.0, 30.0, 30.0, 30.0, 30.0, 30.0, 30.0, 30.0, 30.0, 30.0, 30.0, 30.0, 30.0, 30.0, 30.0, 30.0, 30.0, 30.0, 30.0, 30.0, 30.0, 30.0, 30.0]
Crash: [0.]

Vector: [30.0, 30.0, 30.0, 30.0, 9.927, 10.029, 10.906, 30.0, 30.0, 30.0, 30.0, 30.0, 30.0, 30.0, 30.0, 30.0, 30.0, 30.0, 30.0, 30.0, 30.0, 30.0, 30.0, 30.0, 30.0, 30.0, 30.0, 30.0, 30.0, 30.0]
Crash: [0.]

Vector: [30.0, 30.0, 9.468, 8.615, 9.581, 9.934, 30.0, 30.0, 30.0, 30.0, 30.0, 30.0, 30.0, 30.0, 30.0, 22.619, 30.0, 30.0, 30.0, 30.0, 30.0, 30.0, 30.0, 30.0, 30.0, 30.0, 30.0, 30.0, 30.0, 30.0]
Crash: [0.]

Vector: [7.612, 7.744, 30.0, 30.0, 30.0, 30.0, 30.0, 30.0, 30.0, 30.0, 30.0, 30.0, 30.0, 30.0, 30.0, 30.0, 30.0, 30.0, 30.0, 30.0, 30.0, 30.0, 30.0, 30.0, 30.0, 30.0, 30.0, 30.0, 30.0, 30.0]
Crash: [0.]

Vector: [30.0, 30.0, 30.0, 30.0, 30.0, 30.0, 30.0, 30.0, 30.0, 30.0, 30.0, 30.0, 30.0, 30.0, 30.0, 14.923, 30.0, 30.0, 30.0, 30.0, 30.0, 30.0, 30.0, 30.0, 30.0, 30.0, 30.0, 30.0, 30.0, 30.0]
Crash: [0.]

Vector: [19.993, 20.597, 21.452, 22.51, 23.932, 25.713, 28.937, 30.0, 30.0, 30.0, 30.0, 30.0, 30.0, 30.0, 10.274, 10.222, 30.0, 30.0, 30.0, 30.0, 30.0, 30.0, 30.0, 30.0, 30.0, 30.0, 11.019, 12.8, 30.0, 30.0]
Crash: [0.]

Vector: [20.419, 21.771, 22.977, 24.368, 26.02, 28.022, 30.0, 30.0, 30.0, 30.0, 30.0, 30.0, 30.0, 30.0, 9.722, 9.592, 30.0, 30.0, 30.0, 30.0, 30.0, 30.0, 30.0, 30.0, 30.0, 30.0, 30.0, 30.0, 30.0, 30.0]
Crash: [0.]

Vector: [20.626, 21.511, 22.519, 23.811, 23.998, 24.158, 30.0, 30.0, 30.0, 30.0, 30.0, 30.0, 30.0, 30.0, 30.0, 10.236, 30.0, 30.0, 30.0, 30.0, 30.0, 30.0, 30.0, 17.076, 30.0, 30.0, 30.0, 10.546, 9.52, 10.004]
Crash: [0.]

Vector: [20.311, 21.461, 22.247, 23.399, 23.858, 23.651, 30.0, 30.0, 30.0, 30.0, 30.0, 30.0, 30.0, 30.0, 30.0, 30.0, 30.0, 30.0, 30.0, 30.0, 30.0, 30.0, 30.0, 30.0, 30.0, 30.0, 30.0, 30.0, 30.0, 30.0]
Crash: [0.]

Vector: [20.335, 21.323, 22.525, 24.107, 25.683, 27.66, 29.987, 30.0, 30.0, 30.0, 30.0, 30.0, 30.0, 30.0, 9.13, 9.062, 30.0, 30.0, 30.0, 30.0, 30.0, 30.0, 30.0, 30.0, 30.0, 30.0, 9.734, 8.554, 30.0, 30.0]
Crash: [0.]

Vector: [21.38, 22.44, 23.978, 24.861, 26.509, 28.189, 30.0, 30.0, 30.0, 30.0, 30.0, 30.0, 30.0, 30.0, 14.68, 14.778, 30.0, 30.0, 30.0, 30.0, 30.0, 30.0, 30.0, 30.0, 30.0, 30.0, 30.0, 30.0, 30.0, 30.0]
Crash: [0.]

Vector: [21.583, 22.253, 23.293, 24.769, 26.858, 30.0, 30.0, 30.0, 30.0, 30.0, 30.0, 30.0, 30.0, 30.0, 30.0, 30.0, 30.0, 30.0, 30.0, 30.0, 30.0, 30.0, 30.0, 30.0, 30.0, 30.0, 30.0, 30.0, 30.0, 30.0]
Crash: [0.]

Vector: [21.591, 22.6, 23.686, 25.257, 26.825, 28.894, 30.0, 30.0, 30.0, 30.0, 30.0, 30.0, 30.0, 30.0, 30.0, 30.0, 30.0, 30.0, 30.0, 30.0, 30.0, 30.0, 30.0, 30.0, 30.0, 30.0, 30.0, 30.0, 30.0, 30.0]
Crash: [0.]

Vector: [20.935, 21.905, 22.727, 24.135, 26.027, 28.053, 30.0, 30.0, 30.0, 30.0, 30.0, 30.0, 30.0, 30.0, 30.0, 30.0, 30.0, 30.0, 30.0, 30.0, 30.0, 30.0, 30.0, 30.0, 30.0, 30.0, 30.0, 30.0, 30.0, 30.0]
Crash: [0.]

Vector: [20.749, 22.198, 23.253, 24.76, 26.488, 28.951, 30.0, 30.0, 30.0, 30.0, 30.0, 30.0, 30.0, 30.0, 30.0, 23.307, 30.0, 30.0, 30.0, 30.0, 30.0, 30.0, 30.0, 30.0, 30.0, 30.0, 30.0, 10.424, 11.101, 11.833]
Crash: [0.]

Vector: [22.595, 23.127, 23.978, 26.292, 27.936, 30.0, 30.0, 30.0, 30.0, 30.0, 30.0, 30.0, 30.0, 30.0, 30.0, 19.88, 30.0, 30.0, 30.0, 30.0, 30.0, 30.0, 30.0, 30.0, 30.0, 30.0, 30.0, 14.903, 15.033, 15.735]
Crash: [0.]

Vector: [24.014, 20.351, 24.141, 21.455, 28.342, 26.545, 30.0, 30.0, 30.0, 30.0, 30.0, 30.0, 30.0, 30.0, 13.191, 13.675, 30.0, 30.0, 30.0, 30.0, 30.0, 30.0, 30.0, 19.831, 30.0, 30.0, 30.0, 30.0, 30.0, 30.0]
Crash: [0.]

Vector: [30.0, 19.33, 20.307, 21.901, 23.904, 26.517, 30.0, 30.0, 30.0, 30.0, 30.0, 9.194, 9.039, 9.275, 30.0, 30.0, 30.0, 30.0, 30.0, 30.0, 30.0, 30.0, 30.0, 17.384, 17.673, 30.0, 30.0, 12.191, 12.669, 12.64]
Crash: [0.]

Vector: [30.0, 30.0, 30.0, 30.0, 30.0, 30.0, 30.0, 30.0, 30.0, 30.0, 30.0, 9.573, 9.955, 9.793, 30.0, 30.0, 30.0, 30.0, 30.0, 30.0, 30.0, 30.0, 30.0, 18.169, 18.94, 25.287, 14.212, 13.332, 30.0, 30.0]
Crash: [0.]

Vector: [30.0, 30.0, 30.0, 30.0, 30.0, 30.0, 30.0, 30.0, 30.0, 30.0, 8.016, 8.544, 8.406, 8.354, 30.0, 30.0, 30.0, 30.0, 30.0, 30.0, 30.0, 30.0, 30.0, 7.83, 7.135, 6.583, 14.89, 14.721, 9.867, 8.454]
Crash: [0.]

Vector: [30.0, 30.0, 30.0, 30.0, 28.752, 30.0, 30.0, 30.0, 30.0, 30.0, 30.0, 30.0, 13.08, 12.846, 16.371, 30.0, 30.0, 30.0, 30.0, 30.0, 30.0, 30.0, 9.055, 8.029, 7.289, 30.0, 6.26, 5.889, 5.587, 5.34]
Crash: [0.]

Vector: [30.0, 30.0, 30.0, 30.0, 30.0, 30.0, 30.0, 30.0, 30.0, 30.0, 30.0, 30.0, 30.0, 30.0, 30.0, 30.0, 30.0, 30.0, 30.0, 30.0, 30.0, 30.0, 30.0, 30.0, 30.0, 30.0, 30.0, 30.0, 30.0, 30.0]
Crash: [0.]

Vector: [30.0, 30.0, 30.0, 30.0, 30.0, 30.0, 30.0, 30.0, 30.0, 30.0, 30.0, 30.0, 30.0, 30.0, 30.0, 30.0, 30.0, 30.0, 30.0, 30.0, 30.0, 30.0, 30.0, 12.38, 14.506, 30.0, 30.0, 30.0, 30.0, 30.0]
Crash: [0.]

Vector: [30.0, 30.0, 30.0, 30.0, 30.0, 28.481, 30.0, 30.0, 30.0, 30.0, 30.0, 30.0, 30.0, 30.0, 29.51, 30.0, 30.0, 30.0, 30.0, 30.0, 30.0, 30.0, 30.0, 14.804, 12.842, 30.0, 11.831, 12.227, 9.587, 8.883]
Crash: [0.]

Vector: [30.0, 30.0, 30.0, 30.0, 30.0, 30.0, 30.0, 30.0, 30.0, 30.0, 30.0, 30.0, 30.0, 30.0, 30.0, 29.298, 30.0, 30.0, 30.0, 30.0, 30.0, 30.0, 30.0, 26.58, 30.0, 15.729, 14.929, 15.542, 14.799, 30.0]
Crash: [0.]

Vector: [19.121, 30.0, 30.0, 30.0, 30.0, 30.0, 30.0, 30.0, 30.0, 30.0, 30.0, 30.0, 30.0, 30.0, 30.0, 25.699, 30.0, 30.0, 30.0, 30.0, 30.0, 30.0, 30.0, 23.016, 30.0, 30.0, 30.0, 30.0, 30.0, 30.0]
Crash: [0.]

Vector: [30.0, 30.0, 30.0, 30.0, 30.0, 30.0, 30.0, 30.0, 30.0, 30.0, 30.0, 30.0, 30.0, 30.0, 30.0, 20.558, 30.0, 30.0, 30.0, 30.0, 30.0, 30.0, 30.0, 20.41, 30.0, 30.0, 30.0, 15.298, 15.967, 15.957]
Crash: [0.]

Vector: [30.0, 17.968, 18.761, 19.743, 20.979, 22.542, 30.0, 30.0, 30.0, 30.0, 30.0, 30.0, 30.0, 30.0, 30.0, 13.466, 30.0, 30.0, 30.0, 30.0, 30.0, 30.0, 30.0, 30.0, 30.0, 30.0, 30.0, 30.0, 30.0, 30.0]
Crash: [0.]

Vector: [30.0, 30.0, 30.0, 30.0, 19.255, 30.0, 30.0, 30.0, 30.0, 30.0, 30.0, 30.0, 30.0, 30.0, 30.0, 30.0, 30.0, 30.0, 30.0, 30.0, 30.0, 30.0, 30.0, 30.0, 30.0, 30.0, 30.0, 30.0, 30.0, 30.0]
Crash: [0.]

Vector: [14.937, 15.665, 30.0, 30.0, 30.0, 30.0, 30.0, 25.066, 28.012, 30.0, 30.0, 30.0, 30.0, 30.0, 30.0, 30.0, 30.0, 30.0, 30.0, 30.0, 30.0, 30.0, 30.0, 30.0, 30.0, 13.079, 12.064, 11.317, 10.721, 10.251]
Crash: [0.]

Vector: [14.653, 15.3, 16.109, 17.113, 18.35, 30.0, 22.008, 30.0, 30.0, 30.0, 30.0, 30.0, 30.0, 30.0, 30.0, 30.0, 30.0, 30.0, 30.0, 30.0, 30.0, 30.0, 30.0, 30.0, 30.0, 30.0, 30.0, 30.0, 30.0, 30.0]
Crash: [0.]

Vector: [30.0, 30.0, 30.0, 30.0, 30.0, 30.0, 30.0, 30.0, 30.0, 30.0, 30.0, 30.0, 30.0, 30.0, 30.0, 30.0, 30.0, 30.0, 30.0, 30.0, 30.0, 30.0, 28.438, 27.905, 30.0, 30.0, 30.0, 30.0, 30.0, 30.0]
Crash: [0.]

Vector: [30.0, 22.839, 22.577, 30.0, 30.0, 30.0, 30.0, 30.0, 30.0, 30.0, 30.0, 30.0, 30.0, 30.0, 30.0, 30.0, 30.0, 30.0, 30.0, 30.0, 30.0, 30.0, 30.0, 24.248, 30.0, 19.793, 19.009, 19.789, 30.0, 30.0]
Crash: [0.]

Vector: [30.0, 30.0, 30.0, 15.925, 17.035, 18.416, 20.156, 22.389, 25.356, 29.446, 30.0, 30.0, 30.0, 30.0, 30.0, 30.0, 30.0, 30.0, 30.0, 30.0, 30.0, 30.0, 30.0, 16.483, 30.0, 18.643, 19.497, 30.0, 30.0, 30.0]
Crash: [0.]

Vector: [30.0, 30.0, 30.0, 30.0, 30.0, 30.0, 30.0, 28.065, 30.0, 30.0, 30.0, 30.0, 30.0, 30.0, 30.0, 30.0, 30.0, 30.0, 30.0, 30.0, 30.0, 30.0, 30.0, 23.484, 30.0, 22.053, 22.631, 30.0, 30.0, 30.0]
Crash: [0.]

Vector: [15.524, 30.0, 30.0, 30.0, 30.0, 30.0, 30.0, 30.0, 30.0, 30.0, 30.0, 30.0, 30.0, 30.0, 30.0, 23.968, 30.0, 30.0, 30.0, 30.0, 30.0, 30.0, 30.0, 25.867, 30.0, 20.023, 20.971, 13.848, 13.993, 15.314]
Crash: [0.]

Vector: [30.0, 30.0, 30.0, 30.0, 30.0, 30.0, 30.0, 30.0, 30.0, 30.0, 30.0, 30.0, 30.0, 30.0, 30.0, 19.33, 30.0, 30.0, 30.0, 30.0, 30.0, 30.0, 30.0, 30.0, 30.0, 20.052, 18.966, 30.0, 30.0, 30.0]
Crash: [0.]

Vector: [30.0, 30.0, 30.0, 30.0, 30.0, 30.0, 30.0, 21.224, 30.0, 30.0, 30.0, 30.0, 30.0, 30.0, 30.0, 30.0, 30.0, 30.0, 30.0, 30.0, 30.0, 30.0, 30.0, 30.0, 30.0, 30.0, 30.0, 30.0, 30.0, 30.0]
Crash: [0.]

Vector: [12.286, 12.796, 13.45, 14.243, 30.0, 30.0, 18.614, 30.0, 30.0, 30.0, 30.0, 30.0, 30.0, 30.0, 30.0, 10.95, 30.0, 30.0, 30.0, 30.0, 30.0, 30.0, 30.0, 30.0, 30.0, 30.0, 30.0, 30.0, 30.0, 30.0]
Crash: [0.]

Vector: [30.0, 30.0, 30.0, 30.0, 30.0, 30.0, 30.0, 30.0, 30.0, 30.0, 30.0, 30.0, 30.0, 30.0, 30.0, 30.0, 30.0, 30.0, 30.0, 30.0, 30.0, 30.0, 30.0, 30.0, 30.0, 23.052, 22.15, 30.0, 30.0, 30.0]
Crash: [0.]

Vector: [30.0, 30.0, 30.0, 30.0, 30.0, 30.0, 30.0, 30.0, 30.0, 30.0, 30.0, 30.0, 30.0, 30.0, 30.0, 30.0, 30.0, 30.0, 30.0, 30.0, 30.0, 30.0, 30.0, 30.0, 30.0, 30.0, 30.0, 30.0, 30.0, 30.0]
Crash: [0.]

Vector: [28.685, 29.361, 30.0, 30.0, 30.0, 30.0, 30.0, 30.0, 30.0, 30.0, 30.0, 30.0, 30.0, 30.0, 30.0, 30.0, 30.0, 30.0, 30.0, 30.0, 30.0, 30.0, 30.0, 30.0, 30.0, 30.0, 30.0, 30.0, 30.0, 30.0]
Crash: [0.]

